timestamp,PID,CPU,RAM
2021-07-29 19:03:37.788940,927484,0.0,0.0
2021-07-29 19:03:37.788940,927643,0.0,1.7
2021-07-29 19:03:37.946854,927484,0.0,0.0
2021-07-29 19:03:37.946854,927643,0.0,1.7
2021-07-29 19:03:38.104949,927484,0.0,0.0
2021-07-29 19:03:38.104949,927643,0.0,1.7
2021-07-29 19:03:38.262858,927484,0.0,0.0
2021-07-29 19:03:38.262858,927643,0.0,1.7
2021-07-29 19:03:38.420954,927484,0.0,0.0
2021-07-29 19:03:38.420954,927643,0.0,1.7
2021-07-29 19:03:38.579343,927643,6.7,1.7
2021-07-29 19:03:38.579343,927484,0.0,0.0
2021-07-29 19:03:38.737403,927484,0.0,0.0
2021-07-29 19:03:38.737403,927643,0.0,1.7
2021-07-29 19:03:38.895461,927484,0.0,0.0
2021-07-29 19:03:38.895461,927643,0.0,1.7
2021-07-29 19:03:39.053892,927484,0.0,0.0
2021-07-29 19:03:39.053892,927643,0.0,1.7
2021-07-29 19:03:39.212675,927484,0.0,0.0
2021-07-29 19:03:39.212675,927643,0.0,1.7
2021-07-29 19:03:39.371294,927484,0.0,0.0
2021-07-29 19:03:39.371294,927643,0.0,1.7
2021-07-29 19:03:39.530042,927484,0.0,0.0
2021-07-29 19:03:39.530042,927643,0.0,1.7
2021-07-29 19:03:39.688751,927484,0.0,0.0
2021-07-29 19:03:39.688751,927643,0.0,1.7
2021-07-29 19:03:39.847364,927484,0.0,0.0
2021-07-29 19:03:39.847364,927643,0.0,1.7
2021-07-29 19:03:40.006201,927484,0.0,0.0
2021-07-29 19:03:40.006201,927643,0.0,1.7
2021-07-29 19:03:40.165008,927484,0.0,0.0
2021-07-29 19:03:40.165008,927643,0.0,1.7
2021-07-29 19:03:40.323670,927484,0.0,0.0
2021-07-29 19:03:40.323670,927643,0.0,1.7
2021-07-29 19:03:40.482779,927484,0.0,0.0
2021-07-29 19:03:40.482779,927643,0.0,1.7
2021-07-29 19:03:40.642174,927484,0.0,0.0
2021-07-29 19:03:40.642174,927643,0.0,1.7
2021-07-29 19:03:40.801083,927484,0.0,0.0
2021-07-29 19:03:40.801083,927643,0.0,1.7
2021-07-29 19:03:40.959819,927484,0.0,0.0
2021-07-29 19:03:40.959819,927643,0.0,1.7
2021-07-29 19:03:41.118107,927484,0.0,0.0
2021-07-29 19:03:41.118107,927643,0.0,1.7
2021-07-29 19:03:41.274047,927643,6.7,1.7
2021-07-29 19:03:41.274047,927484,0.0,0.0
2021-07-29 19:03:41.432425,927484,0.0,0.0
2021-07-29 19:03:41.432425,927643,0.0,1.7
2021-07-29 19:03:41.591317,927484,0.0,0.0
2021-07-29 19:03:41.591317,927643,0.0,1.7
2021-07-29 19:03:41.750576,927484,0.0,0.0
2021-07-29 19:03:41.750576,927643,0.0,1.7
2021-07-29 19:03:41.909406,927484,0.0,0.0
2021-07-29 19:03:41.909406,927643,0.0,1.7
2021-07-29 19:03:42.067814,927484,0.0,0.0
2021-07-29 19:03:42.067814,927643,0.0,1.7
2021-07-29 19:03:42.224552,927484,0.0,0.0
2021-07-29 19:03:42.224552,927643,0.0,1.7
2021-07-29 19:03:42.383949,927643,6.7,1.7
2021-07-29 19:03:42.383949,927484,0.0,0.0
2021-07-29 19:03:42.542941,927484,0.0,0.0
2021-07-29 19:03:42.542941,927643,0.0,1.7
2021-07-29 19:03:42.702000,927484,0.0,0.0
2021-07-29 19:03:42.702000,927643,0.0,1.7
2021-07-29 19:03:42.860055,927484,0.0,0.0
2021-07-29 19:03:42.860055,927643,0.0,1.7
2021-07-29 19:03:43.018029,927484,0.0,0.0
2021-07-29 19:03:43.018029,927643,0.0,1.7
2021-07-29 19:03:43.176415,927484,0.0,0.0
2021-07-29 19:03:43.176415,927643,0.0,1.7
2021-07-29 19:03:43.333484,927484,0.0,0.0
2021-07-29 19:03:43.333484,927643,0.0,1.7
2021-07-29 19:03:43.492040,927484,0.0,0.0
2021-07-29 19:03:43.492040,927643,0.0,1.7
2021-07-29 19:03:43.650783,927484,0.0,0.0
2021-07-29 19:03:43.650783,927643,0.0,1.7
2021-07-29 19:03:43.809372,927484,0.0,0.0
2021-07-29 19:03:43.809372,927643,0.0,1.7
2021-07-29 19:03:43.967611,927484,0.0,0.0
2021-07-29 19:03:43.967611,927643,0.0,1.7
2021-07-29 19:03:44.125049,927484,0.0,0.0
2021-07-29 19:03:44.125049,927643,0.0,1.7
2021-07-29 19:03:44.279673,927484,0.0,0.0
2021-07-29 19:03:44.279673,927643,0.0,1.7
2021-07-29 19:03:44.437913,927484,0.0,0.0
2021-07-29 19:03:44.437913,927643,0.0,1.7
2021-07-29 19:03:44.596442,927484,0.0,0.0
2021-07-29 19:03:44.596442,927643,0.0,1.7
2021-07-29 19:03:44.755107,927484,0.0,0.0
2021-07-29 19:03:44.755107,927643,0.0,1.7
2021-07-29 19:03:44.913103,927484,0.0,0.0
2021-07-29 19:03:44.913103,927643,0.0,1.7
2021-07-29 19:03:45.070374,927484,0.0,0.0
2021-07-29 19:03:45.070374,927643,0.0,1.7
2021-07-29 19:03:45.229080,927484,0.0,0.0
2021-07-29 19:03:45.229080,927643,0.0,1.7
2021-07-29 19:03:45.387268,927484,0.0,0.0
2021-07-29 19:03:45.387268,927643,0.0,1.7
2021-07-29 19:03:45.545506,927484,0.0,0.0
2021-07-29 19:03:45.545506,927643,0.0,1.7
2021-07-29 19:03:45.704360,927484,0.0,0.0
2021-07-29 19:03:45.704360,927643,0.0,1.7
2021-07-29 19:03:45.862446,927643,6.7,1.7
2021-07-29 19:03:45.862446,927484,0.0,0.0
2021-07-29 19:03:46.020669,927484,0.0,0.0
2021-07-29 19:03:46.020669,927643,0.0,1.7
2021-07-29 19:03:46.179003,927484,0.0,0.0
2021-07-29 19:03:46.179003,927643,0.0,1.7
2021-07-29 19:03:46.335081,927484,0.0,0.0
2021-07-29 19:03:46.335081,927643,0.0,1.7
2021-07-29 19:03:46.493884,927484,0.0,0.0
2021-07-29 19:03:46.493884,927643,0.0,1.7
2021-07-29 19:03:46.652882,927484,0.0,0.0
2021-07-29 19:03:46.652882,927643,0.0,1.7
2021-07-29 19:03:46.811444,927484,0.0,0.0
2021-07-29 19:03:46.811444,927643,0.0,1.7
2021-07-29 19:03:46.969878,927484,0.0,0.0
2021-07-29 19:03:46.969878,927643,0.0,1.7
2021-07-29 19:03:47.128363,927484,0.0,0.0
2021-07-29 19:03:47.128363,927643,0.0,1.7
2021-07-29 19:03:47.286553,927484,0.0,0.0
2021-07-29 19:03:47.286553,927643,0.0,1.7
2021-07-29 19:03:47.445214,927484,0.0,0.0
2021-07-29 19:03:47.445214,927643,0.0,1.7
2021-07-29 19:03:47.604076,927484,0.0,0.0
2021-07-29 19:03:47.604076,927643,0.0,1.7
2021-07-29 19:03:47.763199,927484,0.0,0.0
2021-07-29 19:03:47.763199,927643,0.0,1.7
2021-07-29 19:03:47.921596,927484,0.0,0.0
2021-07-29 19:03:47.921596,927643,0.0,1.7
2021-07-29 19:03:48.079832,927484,0.0,0.0
2021-07-29 19:03:48.079832,927643,0.0,1.7
2021-07-29 19:03:48.238452,927484,0.0,0.0
2021-07-29 19:03:48.238452,927643,0.0,1.7
2021-07-29 19:03:48.396649,927484,0.0,0.0
2021-07-29 19:03:48.396649,927643,0.0,1.7
2021-07-29 19:03:48.555485,927484,0.0,0.0
2021-07-29 19:03:48.555485,927643,0.0,1.7
2021-07-29 19:03:48.714145,927484,0.0,0.0
2021-07-29 19:03:48.714145,927643,0.0,1.7
2021-07-29 19:03:48.872511,927484,0.0,0.0
2021-07-29 19:03:48.872511,927643,0.0,1.7
2021-07-29 19:03:49.031122,927484,0.0,0.0
2021-07-29 19:03:49.031122,927643,0.0,1.7
2021-07-29 19:03:49.189232,927484,0.0,0.0
2021-07-29 19:03:49.189232,927643,0.0,1.7
2021-07-29 19:03:49.344334,927484,0.0,0.0
2021-07-29 19:03:49.344334,927643,0.0,1.7
2021-07-29 19:03:49.503171,927484,0.0,0.0
2021-07-29 19:03:49.503171,927643,0.0,1.7
2021-07-29 19:03:49.661839,927484,0.0,0.0
2021-07-29 19:03:49.661839,927643,0.0,1.7
2021-07-29 19:03:49.820392,927643,6.7,1.7
2021-07-29 19:03:49.820392,927484,0.0,0.0
2021-07-29 19:03:49.978780,927484,0.0,0.0
2021-07-29 19:03:49.978780,927643,0.0,1.7
2021-07-29 19:03:50.137159,927484,0.0,0.0
2021-07-29 19:03:50.137159,927643,0.0,1.7
2021-07-29 19:03:50.295810,927484,0.0,0.0
2021-07-29 19:03:50.295810,927643,0.0,1.7
2021-07-29 19:03:50.454015,927484,0.0,0.0
2021-07-29 19:03:50.454015,927643,0.0,1.7
2021-07-29 19:03:50.612436,927484,0.0,0.0
2021-07-29 19:03:50.612436,927643,0.0,1.7
2021-07-29 19:03:50.770339,927484,0.0,0.0
2021-07-29 19:03:50.770339,927643,0.0,1.7
2021-07-29 19:03:50.924204,927484,0.0,0.0
2021-07-29 19:03:50.924204,927643,0.0,1.7
2021-07-29 19:03:51.078053,927484,0.0,0.0
2021-07-29 19:03:51.078053,927643,0.0,1.7
2021-07-29 19:03:51.231724,927484,0.0,0.0
2021-07-29 19:03:51.231724,927643,0.0,1.7
2021-07-29 19:03:51.386093,927484,0.0,0.0
2021-07-29 19:03:51.386093,927643,0.0,1.7
2021-07-29 19:03:51.543306,927484,0.0,0.0
2021-07-29 19:03:51.543306,927643,0.0,1.7
2021-07-29 19:03:51.701010,927484,0.0,0.0
2021-07-29 19:03:51.701010,927643,0.0,1.7
2021-07-29 19:03:51.859620,927484,0.0,0.0
2021-07-29 19:03:51.859620,927643,0.0,1.7
2021-07-29 19:03:52.018262,927484,0.0,0.0
2021-07-29 19:03:52.018262,927643,0.0,1.7
2021-07-29 19:03:52.176487,927484,0.0,0.0
2021-07-29 19:03:52.176487,927643,0.0,1.7
2021-07-29 19:03:52.334071,927484,0.0,0.0
2021-07-29 19:03:52.334071,927643,0.0,1.7
2021-07-29 19:03:52.487715,927484,0.0,0.0
2021-07-29 19:03:52.487715,927643,0.0,1.7
2021-07-29 19:03:52.641342,927484,0.0,0.0
2021-07-29 19:03:52.641342,927643,0.0,1.7
2021-07-29 19:03:52.795392,927484,0.0,0.0
2021-07-29 19:03:52.795392,927643,0.0,1.7
2021-07-29 19:03:52.949861,927484,0.0,0.0
2021-07-29 19:03:52.949861,927643,0.0,1.7
2021-07-29 19:03:53.104402,927484,0.0,0.0
2021-07-29 19:03:53.104402,927643,0.0,1.7
2021-07-29 19:03:53.262119,927484,0.0,0.0
2021-07-29 19:03:53.262119,927643,0.0,1.7
2021-07-29 19:03:53.420630,927484,0.0,0.0
2021-07-29 19:03:53.420630,927643,0.0,1.7
2021-07-29 19:03:53.579460,927484,0.0,0.0
2021-07-29 19:03:53.579460,927643,0.0,1.7
2021-07-29 19:03:53.738437,927484,0.0,0.0
2021-07-29 19:03:53.738437,927643,0.0,1.7
2021-07-29 19:03:53.896893,927484,0.0,0.0
2021-07-29 19:03:53.896893,927643,0.0,1.7
2021-07-29 19:03:54.055270,927484,0.0,0.0
2021-07-29 19:03:54.055270,927643,0.0,1.7
2021-07-29 19:03:54.214358,927484,0.0,0.0
2021-07-29 19:03:54.214358,927643,0.0,1.7
2021-07-29 19:03:54.369742,927484,0.0,0.0
2021-07-29 19:03:54.369742,927643,0.0,1.7
2021-07-29 19:03:54.528554,927484,0.0,0.0
2021-07-29 19:03:54.528554,927643,0.0,1.7
2021-07-29 19:03:54.686913,927484,0.0,0.0
2021-07-29 19:03:54.686913,927643,0.0,1.7
2021-07-29 19:03:54.840437,927484,0.0,0.0
2021-07-29 19:03:54.840437,927643,0.0,1.7
2021-07-29 19:03:54.994031,927484,0.0,0.0
2021-07-29 19:03:54.994031,927643,0.0,1.7
2021-07-29 19:03:55.147706,927484,0.0,0.0
2021-07-29 19:03:55.147706,927643,0.0,1.7
2021-07-29 19:03:55.301636,927484,0.0,0.0
2021-07-29 19:03:55.301636,927643,0.0,1.7
2021-07-29 19:03:55.455397,927484,0.0,0.0
2021-07-29 19:03:55.455397,927643,0.0,1.7
2021-07-29 19:03:55.609537,927484,0.0,0.0
2021-07-29 19:03:55.609537,927643,0.0,1.7
2021-07-29 19:03:55.766525,927484,0.0,0.0
2021-07-29 19:03:55.766525,927643,0.0,1.7
2021-07-29 19:03:55.924784,927484,0.0,0.0
2021-07-29 19:03:55.924784,927643,0.0,1.7
2021-07-29 19:03:56.084129,927484,0.0,0.0
2021-07-29 19:03:56.084129,927643,0.0,1.7
2021-07-29 19:03:56.243334,927484,0.0,0.0
2021-07-29 19:03:56.243334,927643,0.0,1.7
2021-07-29 19:03:56.398977,927484,0.0,0.0
2021-07-29 19:03:56.398977,927643,0.0,1.7
2021-07-29 19:03:56.558568,927484,0.0,0.0
2021-07-29 19:03:56.558568,927643,0.0,1.7
2021-07-29 19:03:56.717966,927484,0.0,0.0
2021-07-29 19:03:56.717966,927643,0.0,1.7
2021-07-29 19:03:56.877444,927484,0.0,0.0
2021-07-29 19:03:56.877444,927643,0.0,1.7
2021-07-29 19:03:57.037362,927484,0.0,0.0
2021-07-29 19:03:57.037362,927643,0.0,1.7
2021-07-29 19:03:57.196221,927484,0.0,0.0
2021-07-29 19:03:57.196221,927643,0.0,1.7
2021-07-29 19:03:57.355676,927484,0.0,0.0
2021-07-29 19:03:57.355676,927643,0.0,1.7
2021-07-29 19:03:57.515367,927484,0.0,0.0
2021-07-29 19:03:57.515367,927643,0.0,1.7
2021-07-29 19:03:57.674702,927484,0.0,0.0
2021-07-29 19:03:57.674702,927643,0.0,1.7
2021-07-29 19:03:57.834161,927484,0.0,0.0
2021-07-29 19:03:57.834161,927643,0.0,1.7
2021-07-29 19:03:57.993555,927484,0.0,0.0
2021-07-29 19:03:57.993555,927643,0.0,1.7
2021-07-29 19:03:58.152511,927484,0.0,0.0
2021-07-29 19:03:58.152511,927643,0.0,1.7
2021-07-29 19:03:58.311323,927484,0.0,0.0
2021-07-29 19:03:58.311323,927643,0.0,1.7
2021-07-29 19:03:58.468452,927484,0.0,0.0
2021-07-29 19:03:58.468452,927643,0.0,1.7
2021-07-29 19:03:58.622304,927484,0.0,0.0
2021-07-29 19:03:58.622304,927643,0.0,1.7
2021-07-29 19:03:58.776769,927484,0.0,0.0
2021-07-29 19:03:58.776769,927643,0.0,1.7
2021-07-29 19:03:58.930454,927484,0.0,0.0
2021-07-29 19:03:58.930454,927643,0.0,1.7
2021-07-29 19:03:59.084181,927484,0.0,0.0
2021-07-29 19:03:59.084181,927643,0.0,1.7
2021-07-29 19:03:59.237915,927484,0.0,0.0
2021-07-29 19:03:59.237915,927643,0.0,1.7
2021-07-29 19:03:59.391702,927484,0.0,0.0
2021-07-29 19:03:59.391702,927643,0.0,1.7
2021-07-29 19:03:59.545760,927484,0.0,0.0
2021-07-29 19:03:59.545760,927643,0.0,1.7
2021-07-29 19:03:59.702394,927484,0.0,0.0
2021-07-29 19:03:59.702394,927643,0.0,1.7
2021-07-29 19:03:59.859658,927484,0.0,0.0
2021-07-29 19:03:59.859658,927643,0.0,1.7
2021-07-29 19:04:00.013370,927484,0.0,0.0
2021-07-29 19:04:00.013370,927643,0.0,1.7
2021-07-29 19:04:00.167013,927484,0.0,0.0
2021-07-29 19:04:00.167013,927643,0.0,1.7
2021-07-29 19:04:00.321385,927484,0.0,0.0
2021-07-29 19:04:00.321385,927643,0.0,1.7
2021-07-29 19:04:00.475038,927484,0.0,0.0
2021-07-29 19:04:00.475038,927643,0.0,1.7
2021-07-29 19:04:00.628826,927484,0.0,0.0
2021-07-29 19:04:00.628826,927643,0.0,1.7
2021-07-29 19:04:00.782558,927484,0.0,0.0
2021-07-29 19:04:00.782558,927643,0.0,1.7
2021-07-29 19:04:00.936474,927484,0.0,0.0
2021-07-29 19:04:00.936474,927643,0.0,1.7
2021-07-29 19:04:01.090561,927643,6.7,1.7
2021-07-29 19:04:01.090561,927484,0.0,0.0
2021-07-29 19:04:01.244875,927484,0.0,0.0
2021-07-29 19:04:01.244875,927643,0.0,1.7
2021-07-29 19:04:01.402829,927484,0.0,0.0
2021-07-29 19:04:01.402829,927643,0.0,1.7
2021-07-29 19:04:01.562504,927484,0.0,0.0
2021-07-29 19:04:01.562504,927643,0.0,1.7
2021-07-29 19:04:01.722638,927484,0.0,0.0
2021-07-29 19:04:01.722638,927643,0.0,1.7
2021-07-29 19:04:01.881992,927484,0.0,0.0
2021-07-29 19:04:01.881992,927643,0.0,1.7
2021-07-29 19:04:02.041164,927484,0.0,0.0
2021-07-29 19:04:02.041164,927643,0.0,1.7
2021-07-29 19:04:02.201556,927484,0.0,0.0
2021-07-29 19:04:02.201556,927643,0.0,1.7
2021-07-29 19:04:02.361049,927484,0.0,0.0
2021-07-29 19:04:02.361049,927643,0.0,1.7
2021-07-29 19:04:02.520580,927484,0.0,0.0
2021-07-29 19:04:02.520580,927643,0.0,1.7
2021-07-29 19:04:02.679396,927484,0.0,0.0
2021-07-29 19:04:02.679396,927643,0.0,1.7
2021-07-29 19:04:02.838857,927484,0.0,0.0
2021-07-29 19:04:02.838857,927643,0.0,1.7
2021-07-29 19:04:02.998275,927484,0.0,0.0
2021-07-29 19:04:02.998275,927643,0.0,1.7
2021-07-29 19:04:03.154889,927484,0.0,0.0
2021-07-29 19:04:03.154889,927643,0.0,1.7
2021-07-29 19:04:03.313312,927484,0.0,0.0
2021-07-29 19:04:03.313312,927643,0.0,1.7
2021-07-29 19:04:03.468542,927484,0.0,0.0
2021-07-29 19:04:03.468542,927643,0.0,1.7
2021-07-29 19:04:03.628020,927484,0.0,0.0
2021-07-29 19:04:03.628020,927643,0.0,1.7
2021-07-29 19:04:03.787194,927484,0.0,0.0
2021-07-29 19:04:03.787194,927643,0.0,1.7
2021-07-29 19:04:03.946685,927484,0.0,0.0
2021-07-29 19:04:03.946685,927643,0.0,1.7
2021-07-29 19:04:04.105878,927484,0.0,0.0
2021-07-29 19:04:04.105878,927643,0.0,1.7
2021-07-29 19:04:04.264417,927484,0.0,0.0
2021-07-29 19:04:04.264417,927643,0.0,1.7
2021-07-29 19:04:04.423353,927484,0.0,0.0
2021-07-29 19:04:04.423353,927643,0.0,1.7
2021-07-29 19:04:04.582335,927484,0.0,0.0
2021-07-29 19:04:04.582335,927643,0.0,1.7
2021-07-29 19:04:04.741847,927484,0.0,0.0
2021-07-29 19:04:04.741847,927643,0.0,1.7
2021-07-29 19:04:04.900958,927484,0.0,0.0
2021-07-29 19:04:04.900958,927643,0.0,1.7
2021-07-29 19:04:05.059859,927484,0.0,0.0
2021-07-29 19:04:05.059859,927643,0.0,1.7
2021-07-29 19:04:05.218867,927484,0.0,0.0
2021-07-29 19:04:05.218867,927643,0.0,1.7
2021-07-29 19:04:05.377434,927484,0.0,0.0
2021-07-29 19:04:05.377434,927643,0.0,1.7
2021-07-29 19:04:05.536328,927484,0.0,0.0
2021-07-29 19:04:05.536328,927643,0.0,1.7
2021-07-29 19:04:05.695219,927484,0.0,0.0
2021-07-29 19:04:05.695219,927643,0.0,1.7
2021-07-29 19:04:05.853918,927484,0.0,0.0
2021-07-29 19:04:05.853918,927643,0.0,1.7
2021-07-29 19:04:06.012448,927484,0.0,0.0
2021-07-29 19:04:06.012448,927643,0.0,1.7
2021-07-29 19:04:06.171074,927484,0.0,0.0
2021-07-29 19:04:06.171074,927643,0.0,1.7
2021-07-29 19:04:06.330237,927484,0.0,0.0
2021-07-29 19:04:06.330237,927643,0.0,1.7
2021-07-29 19:04:06.487769,927484,0.0,0.0
2021-07-29 19:04:06.487769,927643,0.0,1.7
2021-07-29 19:04:06.646698,927484,0.0,0.0
2021-07-29 19:04:06.646698,927643,0.0,1.7
2021-07-29 19:04:06.806196,927484,0.0,0.0
2021-07-29 19:04:06.806196,927643,0.0,1.7
2021-07-29 19:04:06.965700,927484,0.0,0.0
2021-07-29 19:04:06.965700,927643,0.0,1.7
2021-07-29 19:04:07.123852,927484,0.0,0.0
2021-07-29 19:04:07.123852,927643,0.0,1.7
2021-07-29 19:04:07.277644,927484,0.0,0.0
2021-07-29 19:04:07.277644,927643,0.0,1.7
2021-07-29 19:04:07.432132,927484,0.0,0.0
2021-07-29 19:04:07.432132,927643,0.0,1.7
2021-07-29 19:04:07.585807,927484,0.0,0.0
2021-07-29 19:04:07.585807,927643,0.0,1.7
2021-07-29 19:04:07.739846,927484,0.0,0.0
2021-07-29 19:04:07.739846,927643,0.0,1.7
2021-07-29 19:04:07.893611,927484,0.0,0.0
2021-07-29 19:04:07.893611,927643,0.0,1.7
2021-07-29 19:04:08.047445,927484,0.0,0.0
2021-07-29 19:04:08.047445,927643,0.0,1.7
2021-07-29 19:04:08.201324,927484,0.0,0.0
2021-07-29 19:04:08.201324,927643,0.0,1.7
2021-07-29 19:04:08.355134,927484,0.0,0.0
2021-07-29 19:04:08.355134,927643,0.0,1.7
2021-07-29 19:04:08.509537,927484,0.0,0.0
2021-07-29 19:04:08.509537,927643,0.0,1.7
2021-07-29 19:04:08.667970,927484,0.0,0.0
2021-07-29 19:04:08.667970,927643,0.0,1.7
2021-07-29 19:04:08.827433,927484,0.0,0.0
2021-07-29 19:04:08.827433,927643,0.0,1.7
2021-07-29 19:04:08.986206,927484,0.0,0.0
2021-07-29 19:04:08.986206,927643,0.0,1.7
2021-07-29 19:04:09.145788,927484,0.0,0.0
2021-07-29 19:04:09.145788,927643,0.0,1.7
2021-07-29 19:04:09.306058,927484,0.0,0.0
2021-07-29 19:04:09.306058,927643,0.0,1.7
2021-07-29 19:04:09.465040,927484,0.0,0.0
2021-07-29 19:04:09.465040,927643,0.0,1.7
2021-07-29 19:04:09.624367,927484,0.0,0.0
2021-07-29 19:04:09.624367,927643,0.0,1.7
2021-07-29 19:04:09.783963,927484,0.0,0.0
2021-07-29 19:04:09.783963,927643,0.0,1.7
2021-07-29 19:04:09.942683,927484,0.0,0.0
2021-07-29 19:04:09.942683,927643,0.0,1.7
2021-07-29 19:04:10.102226,927643,6.7,1.7
2021-07-29 19:04:10.102226,927484,0.0,0.0
2021-07-29 19:04:10.261160,927484,0.0,0.0
2021-07-29 19:04:10.261160,927643,0.0,1.7
2021-07-29 19:04:10.419706,927484,0.0,0.0
2021-07-29 19:04:10.419706,927643,0.0,1.7
2021-07-29 19:04:10.578530,927484,0.0,0.0
2021-07-29 19:04:10.578530,927643,0.0,1.7
2021-07-29 19:04:10.738015,927484,0.0,0.0
2021-07-29 19:04:10.738015,927643,0.0,1.7
2021-07-29 19:04:10.895590,927484,0.0,0.0
2021-07-29 19:04:10.895590,927643,0.0,1.7
2021-07-29 19:04:11.054265,927484,0.0,0.0
2021-07-29 19:04:11.054265,927643,0.0,1.7
2021-07-29 19:04:11.212912,927484,0.0,0.0
2021-07-29 19:04:11.212912,927643,0.0,1.7
2021-07-29 19:04:11.371796,927484,0.0,0.0
2021-07-29 19:04:11.371796,927643,0.0,1.7
2021-07-29 19:04:11.530483,927484,0.0,0.0
2021-07-29 19:04:11.530483,927643,0.0,1.7
2021-07-29 19:04:11.689729,927484,0.0,0.0
2021-07-29 19:04:11.689729,927643,0.0,1.7
2021-07-29 19:04:11.848869,927643,6.7,1.7
2021-07-29 19:04:11.848869,927484,0.0,0.0
2021-07-29 19:04:12.007958,927484,0.0,0.0
2021-07-29 19:04:12.007958,927643,0.0,1.7
2021-07-29 19:04:12.166398,927484,0.0,0.0
2021-07-29 19:04:12.166398,927643,0.0,1.7
2021-07-29 19:04:12.324848,927484,0.0,0.0
2021-07-29 19:04:12.324848,927643,0.0,1.7
2021-07-29 19:04:12.483345,927484,0.0,0.0
2021-07-29 19:04:12.483345,927643,0.0,1.7
2021-07-29 19:04:12.642235,927484,0.0,0.0
2021-07-29 19:04:12.642235,927643,0.0,1.7
2021-07-29 19:04:12.801874,927484,0.0,0.0
2021-07-29 19:04:12.801874,927643,0.0,1.7
2021-07-29 19:04:12.961161,927484,0.0,0.0
2021-07-29 19:04:12.961161,927643,0.0,1.7
2021-07-29 19:04:13.120269,927484,0.0,0.0
2021-07-29 19:04:13.120269,927643,0.0,1.7
2021-07-29 19:04:13.279132,927484,0.0,0.0
2021-07-29 19:04:13.279132,927643,0.0,1.7
2021-07-29 19:04:13.437334,927484,0.0,0.0
2021-07-29 19:04:13.437334,927643,0.0,1.7
2021-07-29 19:04:13.592861,927484,0.0,0.0
2021-07-29 19:04:13.592861,927643,0.0,1.7
2021-07-29 19:04:13.752201,927484,0.0,0.0
2021-07-29 19:04:13.752201,927643,0.0,1.7
2021-07-29 19:04:13.910921,927484,0.0,0.0
2021-07-29 19:04:13.910921,927643,0.0,1.7
2021-07-29 19:04:14.069776,927484,0.0,0.0
2021-07-29 19:04:14.069776,927643,0.0,1.7
2021-07-29 19:04:14.228416,927484,0.0,0.0
2021-07-29 19:04:14.228416,927643,0.0,1.7
2021-07-29 19:04:14.387307,927484,0.0,0.0
2021-07-29 19:04:14.387307,927643,0.0,1.7
2021-07-29 19:04:14.545837,927484,0.0,0.0
2021-07-29 19:04:14.545837,927643,0.0,1.7
2021-07-29 19:04:14.704514,927484,0.0,0.0
2021-07-29 19:04:14.704514,927643,0.0,1.7
2021-07-29 19:04:14.863227,927484,0.0,0.0
2021-07-29 19:04:14.863227,927643,0.0,1.7
2021-07-29 19:04:15.022031,927484,0.0,0.0
2021-07-29 19:04:15.022031,927643,0.0,1.7
2021-07-29 19:04:15.179917,927484,0.0,0.0
2021-07-29 19:04:15.179917,927643,0.0,1.7
2021-07-29 19:04:15.333608,927484,0.0,0.0
2021-07-29 19:04:15.333608,927643,0.0,1.7
2021-07-29 19:04:15.487157,927484,0.0,0.0
2021-07-29 19:04:15.487157,927643,0.0,1.7
2021-07-29 19:04:15.641517,927484,0.0,0.0
2021-07-29 19:04:15.641517,927643,0.0,1.7
2021-07-29 19:04:15.796033,927484,0.0,0.0
2021-07-29 19:04:15.796033,927643,0.0,1.7
2021-07-29 19:04:15.950445,927484,0.0,0.0
2021-07-29 19:04:15.950445,927643,0.0,1.7
2021-07-29 19:04:16.104860,927484,0.0,0.0
2021-07-29 19:04:16.104860,927643,0.0,1.7
2021-07-29 19:04:16.258460,927643,6.7,1.7
2021-07-29 19:04:16.258460,927484,0.0,0.0
2021-07-29 19:04:16.413336,927484,0.0,0.0
2021-07-29 19:04:16.413336,927643,0.0,1.7
2021-07-29 19:04:16.568497,927484,0.0,0.0
2021-07-29 19:04:16.568497,927643,0.0,1.7
2021-07-29 19:04:16.725085,927484,0.0,0.0
2021-07-29 19:04:16.725085,927643,0.0,1.7
2021-07-29 19:04:16.882849,927484,0.0,0.0
2021-07-29 19:04:16.882849,927643,0.0,1.7
2021-07-29 19:04:17.037176,927484,0.0,0.0
2021-07-29 19:04:17.037176,927643,0.0,1.7
2021-07-29 19:04:17.191603,927484,0.0,0.0
2021-07-29 19:04:17.191603,927643,0.0,1.7
2021-07-29 19:04:17.346112,927484,0.0,0.0
2021-07-29 19:04:17.346112,927643,0.0,1.7
2021-07-29 19:04:17.500603,927484,0.0,0.0
2021-07-29 19:04:17.500603,927643,0.0,1.7
2021-07-29 19:04:17.654856,927484,0.0,0.0
2021-07-29 19:04:17.654856,927643,0.0,1.7
2021-07-29 19:04:17.809100,927484,0.0,0.0
2021-07-29 19:04:17.809100,927643,0.0,1.7
2021-07-29 19:04:17.963538,927484,0.0,0.0
2021-07-29 19:04:17.963538,927643,0.0,1.7
2021-07-29 19:04:18.117990,927484,0.0,0.0
2021-07-29 19:04:18.117990,927643,0.0,1.7
2021-07-29 19:04:18.272430,927484,0.0,0.0
2021-07-29 19:04:18.272430,927643,0.0,1.7
2021-07-29 19:04:18.430120,927484,0.0,0.0
2021-07-29 19:04:18.430120,927643,0.0,1.7
2021-07-29 19:04:18.588680,927484,0.0,0.0
2021-07-29 19:04:18.588680,927643,0.0,1.7
2021-07-29 19:04:18.747249,927484,0.0,0.0
2021-07-29 19:04:18.747249,927643,0.0,1.7
2021-07-29 19:04:18.901820,927484,0.0,0.0
2021-07-29 19:04:18.901820,927643,0.0,1.7
2021-07-29 19:04:19.056259,927484,0.0,0.0
2021-07-29 19:04:19.056259,927643,0.0,1.7
2021-07-29 19:04:19.210640,927484,0.0,0.0
2021-07-29 19:04:19.210640,927643,0.0,1.7
2021-07-29 19:04:19.365240,927484,0.0,0.0
2021-07-29 19:04:19.365240,927643,0.0,1.7
2021-07-29 19:04:19.519716,927484,0.0,0.0
2021-07-29 19:04:19.519716,927643,0.0,1.7
2021-07-29 19:04:19.674264,927484,0.0,0.0
2021-07-29 19:04:19.674264,927643,0.0,1.7
2021-07-29 19:04:19.832738,927484,0.0,0.0
2021-07-29 19:04:19.832738,927643,0.0,1.7
2021-07-29 19:04:19.992290,927484,0.0,0.0
2021-07-29 19:04:19.992290,927643,0.0,1.7
2021-07-29 19:04:20.151997,927484,0.0,0.0
2021-07-29 19:04:20.151997,927643,0.0,1.7
2021-07-29 19:04:20.312104,927484,0.0,0.0
2021-07-29 19:04:20.312104,927643,0.0,1.7
2021-07-29 19:04:20.470126,927484,0.0,0.0
2021-07-29 19:04:20.470126,927643,0.0,1.7
2021-07-29 19:04:20.625244,927484,0.0,0.0
2021-07-29 19:04:20.625244,927643,0.0,1.7
2021-07-29 19:04:20.784528,927484,0.0,0.0
2021-07-29 19:04:20.784528,927643,0.0,1.7
2021-07-29 19:04:20.942652,927484,0.0,0.0
2021-07-29 19:04:20.942652,927643,0.0,1.7
2021-07-29 19:04:21.101208,927484,0.0,0.0
2021-07-29 19:04:21.101208,927643,0.0,1.7
2021-07-29 19:04:21.260072,927643,6.7,1.7
2021-07-29 19:04:21.260072,927484,0.0,0.0
2021-07-29 19:04:21.419438,927484,0.0,0.0
2021-07-29 19:04:21.419438,927643,0.0,1.7
2021-07-29 19:04:21.578422,927484,0.0,0.0
2021-07-29 19:04:21.578422,927643,0.0,1.7
2021-07-29 19:04:21.737062,927484,0.0,0.0
2021-07-29 19:04:21.737062,927643,0.0,1.7
2021-07-29 19:04:21.896641,927484,0.0,0.0
2021-07-29 19:04:21.896641,927643,0.0,1.7
2021-07-29 19:04:22.055298,927484,0.0,0.0
2021-07-29 19:04:22.055298,927643,0.0,1.7
2021-07-29 19:04:22.213657,927484,0.0,0.0
2021-07-29 19:04:22.213657,927643,0.0,1.7
2021-07-29 19:04:22.369829,927484,0.0,0.0
2021-07-29 19:04:22.369829,927643,0.0,1.7
2021-07-29 19:04:22.527882,927484,0.0,0.0
2021-07-29 19:04:22.527882,927643,0.0,1.7
2021-07-29 19:04:22.684028,927484,0.0,0.0
2021-07-29 19:04:22.684028,927643,0.0,1.7
2021-07-29 19:04:22.843217,927484,0.0,0.0
2021-07-29 19:04:22.843217,927643,0.0,1.7
2021-07-29 19:04:23.002220,927484,0.0,0.0
2021-07-29 19:04:23.002220,927643,0.0,1.7
2021-07-29 19:04:23.161313,927484,0.0,0.0
2021-07-29 19:04:23.161313,927643,0.0,1.7
2021-07-29 19:04:23.320020,927484,0.0,0.0
2021-07-29 19:04:23.320020,927643,0.0,1.7
2021-07-29 19:04:23.478855,927484,0.0,0.0
2021-07-29 19:04:23.478855,927643,0.0,1.7
2021-07-29 19:04:23.637989,927484,0.0,0.0
2021-07-29 19:04:23.637989,927643,0.0,1.7
2021-07-29 19:04:23.797572,927484,0.0,0.0
2021-07-29 19:04:23.797572,927643,0.0,1.7
2021-07-29 19:04:23.956139,927484,0.0,0.0
2021-07-29 19:04:23.956139,927643,0.0,1.7
2021-07-29 19:04:24.114936,927484,0.0,0.0
2021-07-29 19:04:24.114936,927643,0.0,1.7
2021-07-29 19:04:24.273447,927643,6.7,1.7
2021-07-29 19:04:24.273447,927484,0.0,0.0
2021-07-29 19:04:24.432214,927484,0.0,0.0
2021-07-29 19:04:24.432214,927643,0.0,1.7
2021-07-29 19:04:24.590864,927484,0.0,0.0
2021-07-29 19:04:24.590864,927643,0.0,1.7
2021-07-29 19:04:24.749483,927484,0.0,0.0
2021-07-29 19:04:24.749483,927643,0.0,1.7
2021-07-29 19:04:24.908013,927484,0.0,0.0
2021-07-29 19:04:24.908013,927643,0.0,1.7
2021-07-29 19:04:25.066868,927484,0.0,0.0
2021-07-29 19:04:25.066868,927643,0.0,1.7
2021-07-29 19:04:25.225468,927484,0.0,0.0
2021-07-29 19:04:25.225468,927643,0.0,1.7
2021-07-29 19:04:25.384644,927484,0.0,0.0
2021-07-29 19:04:25.384644,927643,0.0,1.7
2021-07-29 19:04:25.542514,927484,0.0,0.0
2021-07-29 19:04:25.542514,927643,0.0,1.7
2021-07-29 19:04:25.698134,927484,0.0,0.0
2021-07-29 19:04:25.698134,927643,0.0,1.7
2021-07-29 19:04:25.856815,927484,0.0,0.0
2021-07-29 19:04:25.856815,927643,0.0,1.7
2021-07-29 19:04:26.015606,927484,0.0,0.0
2021-07-29 19:04:26.015606,927643,0.0,1.7
2021-07-29 19:04:26.174199,927484,0.0,0.0
2021-07-29 19:04:26.174199,927643,0.0,1.7
2021-07-29 19:04:26.332930,927484,0.0,0.0
2021-07-29 19:04:26.332930,927643,0.0,1.7
2021-07-29 19:04:26.491791,927484,0.0,0.0
2021-07-29 19:04:26.491791,927643,0.0,1.7
2021-07-29 19:04:26.650290,927484,0.0,0.0
2021-07-29 19:04:26.650290,927643,0.0,1.7
2021-07-29 19:04:26.808918,927484,0.0,0.0
2021-07-29 19:04:26.808918,927643,0.0,1.7
2021-07-29 19:04:26.967660,927484,0.0,0.0
2021-07-29 19:04:26.967660,927643,0.0,1.7
2021-07-29 19:04:27.126468,927484,0.0,0.0
2021-07-29 19:04:27.126468,927643,0.0,1.7
2021-07-29 19:04:27.284737,927484,0.0,0.0
2021-07-29 19:04:27.284737,927643,0.0,1.7
2021-07-29 19:04:27.443201,927484,0.0,0.0
2021-07-29 19:04:27.443201,927643,0.0,1.7
2021-07-29 19:04:27.602422,927484,0.0,0.0
2021-07-29 19:04:27.602422,927643,0.0,1.7
2021-07-29 19:04:27.761220,927484,0.0,0.0
2021-07-29 19:04:27.761220,927643,0.0,1.7
2021-07-29 19:04:27.920088,927484,0.0,0.0
2021-07-29 19:04:27.920088,927643,0.0,1.7
2021-07-29 19:04:28.079579,927484,0.0,0.0
2021-07-29 19:04:28.079579,927643,0.0,1.7
2021-07-29 19:04:28.238652,927484,0.0,0.0
2021-07-29 19:04:28.238652,927643,0.0,1.7
2021-07-29 19:04:28.397633,927484,0.0,0.0
2021-07-29 19:04:28.397633,927643,0.0,1.7
2021-07-29 19:04:28.555833,927484,0.0,0.0
2021-07-29 19:04:28.555833,927643,0.0,1.7
2021-07-29 19:04:28.710934,927484,0.0,0.0
2021-07-29 19:04:28.710934,927643,0.0,1.7
2021-07-29 19:04:28.869871,927484,0.0,0.0
2021-07-29 19:04:28.869871,927643,0.0,1.7
2021-07-29 19:04:29.029056,927643,6.7,1.7
2021-07-29 19:04:29.029056,927484,0.0,0.0
2021-07-29 19:04:29.187882,927484,0.0,0.0
2021-07-29 19:04:29.187882,927643,0.0,1.7
2021-07-29 19:04:29.346891,927484,0.0,0.0
2021-07-29 19:04:29.346891,927643,0.0,1.7
2021-07-29 19:04:29.505618,927484,0.0,0.0
2021-07-29 19:04:29.505618,927643,0.0,1.7
2021-07-29 19:04:29.664185,927484,0.0,0.0
2021-07-29 19:04:29.664185,927643,0.0,1.7
2021-07-29 19:04:29.822917,927484,0.0,0.0
2021-07-29 19:04:29.822917,927643,0.0,1.7
2021-07-29 19:04:29.980699,927484,0.0,0.0
2021-07-29 19:04:29.980699,927643,0.0,1.7
2021-07-29 19:04:30.134890,927484,0.0,0.0
2021-07-29 19:04:30.134890,927643,0.0,1.7
2021-07-29 19:04:30.288617,927484,0.0,0.0
2021-07-29 19:04:30.288617,927643,0.0,1.7
2021-07-29 19:04:30.442672,927484,0.0,0.0
2021-07-29 19:04:30.442672,927643,0.0,1.7
2021-07-29 19:04:30.596794,927484,0.0,0.0
2021-07-29 19:04:30.596794,927643,0.0,1.7
2021-07-29 19:04:30.751016,927484,0.0,0.0
2021-07-29 19:04:30.751016,927643,0.0,1.7
2021-07-29 19:04:30.905920,927484,0.0,0.0
2021-07-29 19:04:30.905920,927643,0.0,1.7
2021-07-29 19:04:31.064057,927484,0.0,0.0
2021-07-29 19:04:31.064057,927643,0.0,1.7
2021-07-29 19:04:31.221559,927484,0.0,0.0
2021-07-29 19:04:31.221559,927643,0.0,1.7
2021-07-29 19:04:31.376086,927484,0.0,0.0
2021-07-29 19:04:31.376086,927643,0.0,1.7
2021-07-29 19:04:31.530024,927484,0.0,0.0
2021-07-29 19:04:31.530024,927643,0.0,1.7
2021-07-29 19:04:31.684111,927484,0.0,0.0
2021-07-29 19:04:31.684111,927643,0.0,1.7
2021-07-29 19:04:31.838054,927484,0.0,0.0
2021-07-29 19:04:31.838054,927643,0.0,1.7
2021-07-29 19:04:31.992713,927484,0.0,0.0
2021-07-29 19:04:31.992713,927643,0.0,1.7
2021-07-29 19:04:32.150346,927484,0.0,0.0
2021-07-29 19:04:32.150346,927643,0.0,1.7
2021-07-29 19:04:32.308617,927484,0.0,0.0
2021-07-29 19:04:32.308617,927643,0.0,1.7
2021-07-29 19:04:32.467487,927484,0.0,0.0
2021-07-29 19:04:32.467487,927643,0.0,1.7
2021-07-29 19:04:32.621626,927484,0.0,0.0
2021-07-29 19:04:32.621626,927643,0.0,1.7
2021-07-29 19:04:32.775514,927484,0.0,0.0
2021-07-29 19:04:32.775514,927643,0.0,1.7
2021-07-29 19:04:32.929241,927484,0.0,0.0
2021-07-29 19:04:32.929241,927643,0.0,1.7
2021-07-29 19:04:33.083403,927484,0.0,0.0
2021-07-29 19:04:33.083403,927643,0.0,1.7
2021-07-29 19:04:33.238033,927484,0.0,0.0
2021-07-29 19:04:33.238033,927643,0.0,1.7
2021-07-29 19:04:33.396534,927484,0.0,0.0
2021-07-29 19:04:33.396534,927643,0.0,1.7
2021-07-29 19:04:33.554412,927484,0.0,0.0
2021-07-29 19:04:33.554412,927643,0.0,1.7
2021-07-29 19:04:33.712796,927484,0.0,0.0
2021-07-29 19:04:33.712796,927643,0.0,1.7
2021-07-29 19:04:33.867367,927484,0.0,0.0
2021-07-29 19:04:33.867367,927643,0.0,1.7
2021-07-29 19:04:34.023906,927484,0.0,0.0
2021-07-29 19:04:34.023906,927643,0.0,1.7
2021-07-29 19:04:34.181968,927484,0.0,0.0
2021-07-29 19:04:34.181968,927643,0.0,1.7
2021-07-29 19:04:34.340314,927484,0.0,0.0
2021-07-29 19:04:34.340314,927643,0.0,1.7
2021-07-29 19:04:34.494569,927484,0.0,0.0
2021-07-29 19:04:34.494569,927643,0.0,1.7
2021-07-29 19:04:34.648403,927484,0.0,0.0
2021-07-29 19:04:34.648403,927643,0.0,1.7
2021-07-29 19:04:34.802853,927484,0.0,0.0
2021-07-29 19:04:34.802853,927643,0.0,1.7
2021-07-29 19:04:34.961314,927484,0.0,0.0
2021-07-29 19:04:34.961314,927643,0.0,1.7
2021-07-29 19:04:35.120327,927484,0.0,0.0
2021-07-29 19:04:35.120327,927643,0.0,1.7
2021-07-29 19:04:35.278662,927484,0.0,0.0
2021-07-29 19:04:35.278662,927643,0.0,1.7
2021-07-29 19:04:35.433377,927643,6.7,1.7
2021-07-29 19:04:35.433377,927484,0.0,0.0
2021-07-29 19:04:35.589645,927484,0.0,0.0
2021-07-29 19:04:35.589645,927643,0.0,1.7
2021-07-29 19:04:35.746145,927484,0.0,0.0
2021-07-29 19:04:35.746145,927643,0.0,1.7
2021-07-29 19:04:35.904841,927484,0.0,0.0
2021-07-29 19:04:35.904841,927643,0.0,1.7
2021-07-29 19:04:36.063729,927484,0.0,0.0
2021-07-29 19:04:36.063729,927643,0.0,1.7
2021-07-29 19:04:36.223068,927484,0.0,0.0
2021-07-29 19:04:36.223068,927643,0.0,1.7
2021-07-29 19:04:36.381502,927484,0.0,0.0
2021-07-29 19:04:36.381502,927643,0.0,1.7
2021-07-29 19:04:36.538906,927484,0.0,0.0
2021-07-29 19:04:36.538906,927643,0.0,1.7
2021-07-29 19:04:36.697469,927484,0.0,0.0
2021-07-29 19:04:36.697469,927643,0.0,1.7
2021-07-29 19:04:36.856086,927484,0.0,0.0
2021-07-29 19:04:36.856086,927643,0.0,1.7
2021-07-29 19:04:37.014750,927484,0.0,0.0
2021-07-29 19:04:37.014750,927643,0.0,1.7
2021-07-29 19:04:37.173855,927484,0.0,0.0
2021-07-29 19:04:37.173855,927643,0.0,1.7
2021-07-29 19:04:37.333015,927484,0.0,0.0
2021-07-29 19:04:37.333015,927643,0.0,1.7
2021-07-29 19:04:37.491927,927484,0.0,0.0
2021-07-29 19:04:37.491927,927643,0.0,1.7
2021-07-29 19:04:37.650240,927484,0.0,0.0
2021-07-29 19:04:37.650240,927643,0.0,1.7
2021-07-29 19:04:37.805553,927484,0.0,0.0
2021-07-29 19:04:37.805553,927643,0.0,1.7
2021-07-29 19:04:37.964265,927484,0.0,0.0
2021-07-29 19:04:37.964265,927643,0.0,1.7
2021-07-29 19:04:38.123274,927484,0.0,0.0
2021-07-29 19:04:38.123274,927643,0.0,1.7
2021-07-29 19:04:38.282251,927484,0.0,0.0
2021-07-29 19:04:38.282251,927643,0.0,1.7
2021-07-29 19:04:38.441619,927484,0.0,0.0
2021-07-29 19:04:38.441619,927643,0.0,1.7
2021-07-29 19:04:38.600397,927484,0.0,0.0
2021-07-29 19:04:38.600397,927643,0.0,1.7
2021-07-29 19:04:38.758964,927484,0.0,0.0
2021-07-29 19:04:38.758964,927643,0.0,1.7
2021-07-29 19:04:38.917825,927484,0.0,0.0
2021-07-29 19:04:38.917825,927643,0.0,1.7
2021-07-29 19:04:39.076428,927484,0.0,0.0
2021-07-29 19:04:39.076428,927643,0.0,1.7
2021-07-29 19:04:39.234990,927484,0.0,0.0
2021-07-29 19:04:39.234990,927643,0.0,1.7
2021-07-29 19:04:39.394272,927484,0.0,0.0
2021-07-29 19:04:39.394272,927643,0.0,1.7
2021-07-29 19:04:39.553545,927484,0.0,0.0
2021-07-29 19:04:39.553545,927643,0.0,1.7
2021-07-29 19:04:39.712667,927484,0.0,0.0
2021-07-29 19:04:39.712667,927643,0.0,1.7
2021-07-29 19:04:39.871572,927484,0.0,0.0
2021-07-29 19:04:39.871572,927643,0.0,1.7
2021-07-29 19:04:40.030775,927643,6.7,1.7
2021-07-29 19:04:40.030775,927484,0.0,0.0
2021-07-29 19:04:40.190232,927484,0.0,0.0
2021-07-29 19:04:40.190232,927643,0.0,1.7
2021-07-29 19:04:40.349353,927484,0.0,0.0
2021-07-29 19:04:40.349353,927643,0.0,1.7
2021-07-29 19:04:40.508335,927484,0.0,0.0
2021-07-29 19:04:40.508335,927643,0.0,1.7
2021-07-29 19:04:40.666284,927484,0.0,0.0
2021-07-29 19:04:40.666284,927643,0.0,1.7
2021-07-29 19:04:40.821499,927484,0.0,0.0
2021-07-29 19:04:40.821499,927643,0.0,1.7
2021-07-29 19:04:40.979439,927484,0.0,0.0
2021-07-29 19:04:40.979439,927643,0.0,1.7
2021-07-29 19:04:41.137868,927484,0.0,0.0
2021-07-29 19:04:41.137868,927643,0.0,1.7
2021-07-29 19:04:41.296450,927484,0.0,0.0
2021-07-29 19:04:41.296450,927643,0.0,1.7
2021-07-29 19:04:41.455212,927484,0.0,0.0
2021-07-29 19:04:41.455212,927643,0.0,1.7
2021-07-29 19:04:41.613992,927484,0.0,0.0
2021-07-29 19:04:41.613992,927643,0.0,1.7
2021-07-29 19:04:41.772918,927484,0.0,0.0
2021-07-29 19:04:41.772918,927643,0.0,1.7
2021-07-29 19:04:41.931410,927484,0.0,0.0
2021-07-29 19:04:41.931410,927643,0.0,1.7
2021-07-29 19:04:42.089888,927484,0.0,0.0
2021-07-29 19:04:42.089888,927643,0.0,1.7
2021-07-29 19:04:42.248477,927484,0.0,0.0
2021-07-29 19:04:42.248477,927643,0.0,1.7
2021-07-29 19:04:42.407467,927484,0.0,0.0
2021-07-29 19:04:42.407467,927643,0.0,1.7
2021-07-29 19:04:42.566360,927484,0.0,0.0
2021-07-29 19:04:42.566360,927643,0.0,1.7
2021-07-29 19:04:42.724499,927484,0.0,0.0
2021-07-29 19:04:42.724499,927643,0.0,1.7
2021-07-29 19:04:42.880834,927484,0.0,0.0
2021-07-29 19:04:42.880834,927643,0.0,1.7
2021-07-29 19:04:43.039768,927484,0.0,0.0
2021-07-29 19:04:43.039768,927643,0.0,1.7
2021-07-29 19:04:43.198749,927484,0.0,0.0
2021-07-29 19:04:43.198749,927643,0.0,1.7
2021-07-29 19:04:43.357833,927484,0.0,0.0
2021-07-29 19:04:43.357833,927643,0.0,1.7
2021-07-29 19:04:43.516601,927643,6.7,1.7
2021-07-29 19:04:43.516601,927484,0.0,0.0
2021-07-29 19:04:43.675342,927484,0.0,0.0
2021-07-29 19:04:43.675342,927643,0.0,1.7
2021-07-29 19:04:43.834653,927484,0.0,0.0
2021-07-29 19:04:43.834653,927643,0.0,1.7
2021-07-29 19:04:43.993048,927484,0.0,0.0
2021-07-29 19:04:43.993048,927643,0.0,1.7
2021-07-29 19:04:44.151867,927484,0.0,0.0
2021-07-29 19:04:44.151867,927643,0.0,1.7
2021-07-29 19:04:44.310361,927643,6.7,1.7
2021-07-29 19:04:44.310361,927484,0.0,0.0
2021-07-29 19:04:44.468732,927484,0.0,0.0
2021-07-29 19:04:44.468732,927643,0.0,1.7
2021-07-29 19:04:44.627284,927484,0.0,0.0
2021-07-29 19:04:44.627284,927643,0.0,1.7
2021-07-29 19:04:44.785598,927484,0.0,0.0
2021-07-29 19:04:44.785598,927643,0.0,1.7
2021-07-29 19:04:44.944059,927484,0.0,0.0
2021-07-29 19:04:44.944059,927643,0.0,1.7
2021-07-29 19:04:45.102911,927484,0.0,0.0
2021-07-29 19:04:45.102911,927643,0.0,1.7
2021-07-29 19:04:45.261722,927484,0.0,0.0
2021-07-29 19:04:45.261722,927643,0.0,1.7
2021-07-29 19:04:45.421057,927484,0.0,0.0
2021-07-29 19:04:45.421057,927643,0.0,1.7
2021-07-29 19:04:45.579786,927484,0.0,0.0
2021-07-29 19:04:45.579786,927643,0.0,1.7
2021-07-29 19:04:45.738142,927484,0.0,0.0
2021-07-29 19:04:45.738142,927643,0.0,1.7
2021-07-29 19:04:45.894786,927484,0.0,0.0
2021-07-29 19:04:45.894786,927643,0.0,1.7
2021-07-29 19:04:46.052923,927484,0.0,0.0
2021-07-29 19:04:46.052923,927643,0.0,1.7
2021-07-29 19:04:46.211689,927484,0.0,0.0
2021-07-29 19:04:46.211689,927643,0.0,1.7
2021-07-29 19:04:46.370493,927484,0.0,0.0
2021-07-29 19:04:46.370493,927643,0.0,1.7
2021-07-29 19:04:46.529488,927484,0.0,0.0
2021-07-29 19:04:46.529488,927643,0.0,1.7
2021-07-29 19:04:46.688241,927484,0.0,0.0
2021-07-29 19:04:46.688241,927643,0.0,1.7
2021-07-29 19:04:46.846830,927484,0.0,0.0
2021-07-29 19:04:46.846830,927643,0.0,1.7
2021-07-29 19:04:47.005555,927484,0.0,0.0
2021-07-29 19:04:47.005555,927643,0.0,1.7
2021-07-29 19:04:47.164637,927484,0.0,0.0
2021-07-29 19:04:47.164637,927643,0.0,1.7
2021-07-29 19:04:47.323361,927484,0.0,0.0
2021-07-29 19:04:47.323361,927643,0.0,1.7
2021-07-29 19:04:47.481981,927484,0.0,0.0
2021-07-29 19:04:47.481981,927643,0.0,1.7
2021-07-29 19:04:47.640711,927643,6.7,1.7
2021-07-29 19:04:47.640711,927484,0.0,0.0
2021-07-29 19:04:47.799586,927484,0.0,0.0
2021-07-29 19:04:47.799586,927643,0.0,1.7
2021-07-29 19:04:47.958184,927484,0.0,0.0
2021-07-29 19:04:47.958184,927643,0.0,1.7
2021-07-29 19:04:48.116867,927484,0.0,0.0
2021-07-29 19:04:48.116867,927643,0.0,1.7
2021-07-29 19:04:48.275887,927484,0.0,0.0
2021-07-29 19:04:48.275887,927643,0.0,1.7
2021-07-29 19:04:48.434701,927484,0.0,0.0
2021-07-29 19:04:48.434701,927643,0.0,1.7
2021-07-29 19:04:48.593630,927484,0.0,0.0
2021-07-29 19:04:48.593630,927643,0.0,1.7
2021-07-29 19:04:48.751613,927484,0.0,0.0
2021-07-29 19:04:48.751613,927643,0.0,1.7
2021-07-29 19:04:48.906624,927484,0.0,0.0
2021-07-29 19:04:48.906624,927643,0.0,1.7
2021-07-29 19:04:49.065519,927484,0.0,0.0
2021-07-29 19:04:49.065519,927643,0.0,1.7
2021-07-29 19:04:49.224664,927484,0.0,0.0
2021-07-29 19:04:49.224664,927643,0.0,1.7
2021-07-29 19:04:49.382626,927484,0.0,0.0
2021-07-29 19:04:49.382626,927643,0.0,1.7
2021-07-29 19:04:49.536541,927484,0.0,0.0
2021-07-29 19:04:49.536541,927643,0.0,1.7
2021-07-29 19:04:49.690523,927484,0.0,0.0
2021-07-29 19:04:49.690523,927643,0.0,1.7
2021-07-29 19:04:49.844750,927484,0.0,0.0
2021-07-29 19:04:49.844750,927643,0.0,1.7
2021-07-29 19:04:50.002477,927484,0.0,0.0
2021-07-29 19:04:50.002477,927643,0.0,1.7
2021-07-29 19:04:50.160001,927484,0.0,0.0
2021-07-29 19:04:50.160001,927643,0.0,1.7
2021-07-29 19:04:50.313985,927484,0.0,0.0
2021-07-29 19:04:50.313985,927643,0.0,1.7
2021-07-29 19:04:50.467841,927484,0.0,0.0
2021-07-29 19:04:50.467841,927643,0.0,1.7
2021-07-29 19:04:50.621448,927484,0.0,0.0
2021-07-29 19:04:50.621448,927643,0.0,1.7
2021-07-29 19:04:50.775406,927484,0.0,0.0
2021-07-29 19:04:50.775406,927643,0.0,1.7
2021-07-29 19:04:50.929458,927484,0.0,0.0
2021-07-29 19:04:50.929458,927643,0.0,1.7
2021-07-29 19:04:51.082917,927484,0.0,0.0
2021-07-29 19:04:51.082917,927643,0.0,1.7
2021-07-29 19:04:51.236777,927484,0.0,0.0
2021-07-29 19:04:51.236777,927643,0.0,1.7
2021-07-29 19:04:51.390486,927484,0.0,0.0
2021-07-29 19:04:51.390486,927643,0.0,1.7
2021-07-29 19:04:51.544218,927484,0.0,0.0
2021-07-29 19:04:51.544218,927643,0.0,1.7
2021-07-29 19:04:51.698035,927484,0.0,0.0
2021-07-29 19:04:51.698035,927643,0.0,1.7
2021-07-29 19:04:51.851774,927484,0.0,0.0
2021-07-29 19:04:51.851774,927643,0.0,1.7
2021-07-29 19:04:52.005685,927484,0.0,0.0
2021-07-29 19:04:52.005685,927643,0.0,1.7
2021-07-29 19:04:52.159222,927484,0.0,0.0
2021-07-29 19:04:52.159222,927643,0.0,1.7
2021-07-29 19:04:52.312908,927484,0.0,0.0
2021-07-29 19:04:52.312908,927643,0.0,1.7
2021-07-29 19:04:52.466619,927484,0.0,0.0
2021-07-29 19:04:52.466619,927643,0.0,1.7
2021-07-29 19:04:52.621210,927484,0.0,0.0
2021-07-29 19:04:52.621210,927643,0.0,1.7
2021-07-29 19:04:52.778465,927484,0.0,0.0
2021-07-29 19:04:52.778465,927643,0.0,1.7
2021-07-29 19:04:52.932242,927484,0.0,0.0
2021-07-29 19:04:52.932242,927643,0.0,1.7
2021-07-29 19:04:53.086174,927484,0.0,0.0
2021-07-29 19:04:53.086174,927643,0.0,1.7
2021-07-29 19:04:53.240623,927484,0.0,0.0
2021-07-29 19:04:53.240623,927643,0.0,1.7
2021-07-29 19:04:53.397858,927484,0.0,0.0
2021-07-29 19:04:53.397858,927643,0.0,1.7
2021-07-29 19:04:53.555301,927484,0.0,0.0
2021-07-29 19:04:53.555301,927643,0.0,1.7
2021-07-29 19:04:53.709027,927643,6.7,1.7
2021-07-29 19:04:53.709027,927484,0.0,0.0
2021-07-29 19:04:53.862715,927484,0.0,0.0
2021-07-29 19:04:53.862715,927643,0.0,1.7
2021-07-29 19:04:54.017199,927484,0.0,0.0
2021-07-29 19:04:54.017199,927643,0.0,1.7
2021-07-29 19:04:54.174673,927484,0.0,0.0
2021-07-29 19:04:54.174673,927643,0.0,1.7
2021-07-29 19:04:54.332484,927484,0.0,0.0
2021-07-29 19:04:54.332484,927643,0.0,1.7
2021-07-29 19:04:54.486216,927484,0.0,0.0
2021-07-29 19:04:54.486216,927643,0.0,1.7
2021-07-29 19:04:54.640130,927484,0.0,0.0
2021-07-29 19:04:54.640130,927643,0.0,1.7
2021-07-29 19:04:54.794401,927484,0.0,0.0
2021-07-29 19:04:54.794401,927643,0.0,1.7
2021-07-29 19:04:54.948997,927484,0.0,0.0
2021-07-29 19:04:54.948997,927643,0.0,1.7
2021-07-29 19:04:55.106741,927484,0.0,0.0
2021-07-29 19:04:55.106741,927643,0.0,1.7
2021-07-29 19:04:55.265391,927484,0.0,0.0
2021-07-29 19:04:55.265391,927643,0.0,1.7
2021-07-29 19:04:55.422989,927484,0.0,0.0
2021-07-29 19:04:55.422989,927643,0.0,1.7
2021-07-29 19:04:55.576897,927484,0.0,0.0
2021-07-29 19:04:55.576897,927643,0.0,1.7
2021-07-29 19:04:55.732106,927484,0.0,0.0
2021-07-29 19:04:55.732106,927643,0.0,1.7
2021-07-29 19:04:55.890176,927484,0.0,0.0
2021-07-29 19:04:55.890176,927643,0.0,1.7
2021-07-29 19:04:56.048679,927484,0.0,0.0
2021-07-29 19:04:56.048679,927643,0.0,1.7
2021-07-29 19:04:56.206472,927484,0.0,0.0
2021-07-29 19:04:56.206472,927643,0.0,1.7
2021-07-29 19:04:56.360219,927484,0.0,0.0
2021-07-29 19:04:56.360219,927643,0.0,1.7
2021-07-29 19:04:56.514576,927484,0.0,0.0
2021-07-29 19:04:56.514576,927643,0.0,1.7
2021-07-29 19:04:56.672566,927484,0.0,0.0
2021-07-29 19:04:56.672566,927643,0.0,1.7
2021-07-29 19:04:56.830407,927484,0.0,0.0
2021-07-29 19:04:56.830407,927643,0.0,1.7
2021-07-29 19:04:56.986367,927484,0.0,0.0
2021-07-29 19:04:56.986367,927643,0.0,1.7
2021-07-29 19:04:57.145282,927484,0.0,0.0
2021-07-29 19:04:57.145282,927643,0.0,1.7
2021-07-29 19:04:57.304116,927484,0.0,0.0
2021-07-29 19:04:57.304116,927643,0.0,1.7
2021-07-29 19:04:57.463598,927484,0.0,0.0
2021-07-29 19:04:57.463598,927643,0.0,1.7
2021-07-29 19:04:57.622715,927484,0.0,0.0
2021-07-29 19:04:57.622715,927643,0.0,1.7
2021-07-29 19:04:57.780335,927484,0.0,0.0
2021-07-29 19:04:57.780335,927643,0.0,1.7
2021-07-29 19:04:57.939627,927484,0.0,0.0
2021-07-29 19:04:57.939627,927643,0.0,1.7
2021-07-29 19:04:58.098518,927484,0.0,0.0
2021-07-29 19:04:58.098518,927643,0.0,1.7
2021-07-29 19:04:58.257877,927484,0.0,0.0
2021-07-29 19:04:58.257877,927643,0.0,1.7
2021-07-29 19:04:58.416900,927484,0.0,0.0
2021-07-29 19:04:58.416900,927643,0.0,1.7
2021-07-29 19:04:58.575649,927484,0.0,0.0
2021-07-29 19:04:58.575649,927643,0.0,1.7
2021-07-29 19:04:58.734432,927484,0.0,0.0
2021-07-29 19:04:58.734432,927643,0.0,1.7
2021-07-29 19:04:58.893929,927484,0.0,0.0
2021-07-29 19:04:58.893929,927643,0.0,1.7
2021-07-29 19:04:59.052526,927484,0.0,0.0
2021-07-29 19:04:59.052526,927643,0.0,1.7
2021-07-29 19:04:59.212057,927484,0.0,0.0
2021-07-29 19:04:59.212057,927643,0.0,1.7
2021-07-29 19:04:59.371647,927484,0.0,0.0
2021-07-29 19:04:59.371647,927643,0.0,1.7
2021-07-29 19:04:59.530194,927484,0.0,0.0
2021-07-29 19:04:59.530194,927643,0.0,1.7
2021-07-29 19:04:59.689533,927643,6.7,1.7
2021-07-29 19:04:59.689533,927484,0.0,0.0
2021-07-29 19:04:59.847572,927643,6.2,1.7
2021-07-29 19:04:59.847572,927484,0.0,0.0
2021-07-29 19:05:00.002770,927484,0.0,0.0
2021-07-29 19:05:00.002770,927643,0.0,1.7
2021-07-29 19:05:00.161710,927484,0.0,0.0
2021-07-29 19:05:00.161710,927643,0.0,1.7
2021-07-29 19:05:00.317694,927484,0.0,0.0
2021-07-29 19:05:00.317694,927643,0.0,1.7
2021-07-29 19:05:00.476765,927484,0.0,0.0
2021-07-29 19:05:00.476765,927643,0.0,1.7
2021-07-29 19:05:00.634790,927484,0.0,0.0
2021-07-29 19:05:00.634790,927643,0.0,1.7
2021-07-29 19:05:00.789719,927484,0.0,0.0
2021-07-29 19:05:00.789719,927643,0.0,1.7
2021-07-29 19:05:00.947917,927484,0.0,0.0
2021-07-29 19:05:00.947917,927643,0.0,1.7
2021-07-29 19:05:01.106702,927484,0.0,0.0
2021-07-29 19:05:01.106702,927643,0.0,1.7
2021-07-29 19:05:01.265086,927484,0.0,0.0
2021-07-29 19:05:01.265086,927643,0.0,1.7
2021-07-29 19:05:01.423878,927484,0.0,0.0
2021-07-29 19:05:01.423878,927643,0.0,1.7
2021-07-29 19:05:01.582634,927484,0.0,0.0
2021-07-29 19:05:01.582634,927643,0.0,1.7
2021-07-29 19:05:01.741154,927484,0.0,0.0
2021-07-29 19:05:01.741154,927643,0.0,1.7
2021-07-29 19:05:01.899907,927484,0.0,0.0
2021-07-29 19:05:01.899907,927643,0.0,1.7
2021-07-29 19:05:02.058303,927484,0.0,0.0
2021-07-29 19:05:02.058303,927643,0.0,1.7
2021-07-29 19:05:02.217145,927484,0.0,0.0
2021-07-29 19:05:02.217145,927643,0.0,1.7
2021-07-29 19:05:02.375955,927484,0.0,0.0
2021-07-29 19:05:02.375955,927643,0.0,1.7
2021-07-29 19:05:02.534744,927484,0.0,0.0
2021-07-29 19:05:02.534744,927643,0.0,1.7
2021-07-29 19:05:02.693345,927484,0.0,0.0
2021-07-29 19:05:02.693345,927643,0.0,1.7
2021-07-29 19:05:02.851367,927484,0.0,0.0
2021-07-29 19:05:02.851367,927643,0.0,1.7
2021-07-29 19:05:03.010193,927484,0.0,0.0
2021-07-29 19:05:03.010193,927643,0.0,1.7
2021-07-29 19:05:03.169379,927484,0.0,0.0
2021-07-29 19:05:03.169379,927643,0.0,1.7
2021-07-29 19:05:03.328907,927484,0.0,0.0
2021-07-29 19:05:03.328907,927643,0.0,1.7
2021-07-29 19:05:03.488303,927484,0.0,0.0
2021-07-29 19:05:03.488303,927643,0.0,1.7
2021-07-29 19:05:03.646729,927484,0.0,0.0
2021-07-29 19:05:03.646729,927643,0.0,1.7
2021-07-29 19:05:03.805774,927484,0.0,0.0
2021-07-29 19:05:03.805774,927643,0.0,1.7
2021-07-29 19:05:03.964285,927643,6.7,1.7
2021-07-29 19:05:03.964285,927484,0.0,0.0
2021-07-29 19:05:04.123101,927484,0.0,0.0
2021-07-29 19:05:04.123101,927643,0.0,1.7
2021-07-29 19:05:04.281889,927484,0.0,0.0
2021-07-29 19:05:04.281889,927643,0.0,1.7
2021-07-29 19:05:04.440854,927484,0.0,0.0
2021-07-29 19:05:04.440854,927643,0.0,1.7
2021-07-29 19:05:04.599708,927484,0.0,0.0
2021-07-29 19:05:04.599708,927643,0.0,1.7
2021-07-29 19:05:04.758356,927484,0.0,0.0
2021-07-29 19:05:04.758356,927643,0.0,1.7
2021-07-29 19:05:04.916583,927484,0.0,0.0
2021-07-29 19:05:04.916583,927643,0.0,1.7
2021-07-29 19:05:05.072693,927484,0.0,0.0
2021-07-29 19:05:05.072693,927643,0.0,1.7
2021-07-29 19:05:05.231566,927484,0.0,0.0
2021-07-29 19:05:05.231566,927643,0.0,1.7
2021-07-29 19:05:05.390638,927484,0.0,0.0
2021-07-29 19:05:05.390638,927643,0.0,1.7
2021-07-29 19:05:05.549516,927484,0.0,0.0
2021-07-29 19:05:05.549516,927643,0.0,1.7
2021-07-29 19:05:05.708021,927484,0.0,0.0
2021-07-29 19:05:05.708021,927643,0.0,1.7
2021-07-29 19:05:05.866092,927484,0.0,0.0
2021-07-29 19:05:05.866092,927643,0.0,1.7
2021-07-29 19:05:06.024707,927484,0.0,0.0
2021-07-29 19:05:06.024707,927643,0.0,1.7
2021-07-29 19:05:06.182863,927484,0.0,0.0
2021-07-29 19:05:06.182863,927643,0.0,1.7
2021-07-29 19:05:06.341444,927484,0.0,0.0
2021-07-29 19:05:06.341444,927643,0.0,1.7
2021-07-29 19:05:06.500524,927484,0.0,0.0
2021-07-29 19:05:06.500524,927643,0.0,1.7
2021-07-29 19:05:06.660026,927484,0.0,0.0
2021-07-29 19:05:06.660026,927643,0.0,1.7
2021-07-29 19:05:06.818847,927484,0.0,0.0
2021-07-29 19:05:06.818847,927643,0.0,1.7
2021-07-29 19:05:06.977195,927484,0.0,0.0
2021-07-29 19:05:06.977195,927643,0.0,1.7
2021-07-29 19:05:07.135431,927484,0.0,0.0
2021-07-29 19:05:07.135431,927643,0.0,1.7
2021-07-29 19:05:07.295167,927484,0.0,0.0
2021-07-29 19:05:07.295167,927643,0.0,1.7
2021-07-29 19:05:07.454217,927484,0.0,0.0
2021-07-29 19:05:07.454217,927643,0.0,1.7
2021-07-29 19:05:07.612876,927484,0.0,0.0
2021-07-29 19:05:07.612876,927643,0.0,1.7
2021-07-29 19:05:07.771618,927643,6.7,1.7
2021-07-29 19:05:07.771618,927484,0.0,0.0
2021-07-29 19:05:07.929578,927484,0.0,0.0
2021-07-29 19:05:07.929578,927643,0.0,1.7
2021-07-29 19:05:08.084853,927484,0.0,0.0
2021-07-29 19:05:08.084853,927643,0.0,1.7
2021-07-29 19:05:08.243470,927484,0.0,0.0
2021-07-29 19:05:08.243470,927643,0.0,1.7
2021-07-29 19:05:08.402237,927484,0.0,0.0
2021-07-29 19:05:08.402237,927643,0.0,1.7
2021-07-29 19:05:08.561036,927484,0.0,0.0
2021-07-29 19:05:08.561036,927643,0.0,1.7
2021-07-29 19:05:08.720052,927484,0.0,0.0
2021-07-29 19:05:08.720052,927643,0.0,1.7
2021-07-29 19:05:08.878850,927484,0.0,0.0
2021-07-29 19:05:08.878850,927643,0.0,1.7
2021-07-29 19:05:09.037973,927484,0.0,0.0
2021-07-29 19:05:09.037973,927643,0.0,1.7
2021-07-29 19:05:09.196533,927484,0.0,0.0
2021-07-29 19:05:09.196533,927643,0.0,1.7
2021-07-29 19:05:09.355383,927484,0.0,0.0
2021-07-29 19:05:09.355383,927643,0.0,1.7
2021-07-29 19:05:09.513937,927484,0.0,0.0
2021-07-29 19:05:09.513937,927643,0.0,1.7
2021-07-29 19:05:09.672561,927484,0.0,0.0
2021-07-29 19:05:09.672561,927643,0.0,1.7
2021-07-29 19:05:09.831292,927484,0.0,0.0
2021-07-29 19:05:09.831292,927643,0.0,1.7
2021-07-29 19:05:09.989838,927484,0.0,0.0
2021-07-29 19:05:09.989838,927643,0.0,1.7
2021-07-29 19:05:10.148490,927484,0.0,0.0
2021-07-29 19:05:10.148490,927643,0.0,1.7
2021-07-29 19:05:10.307244,927484,0.0,0.0
2021-07-29 19:05:10.307244,927643,0.0,1.7
2021-07-29 19:05:10.465975,927484,0.0,0.0
2021-07-29 19:05:10.465975,927643,0.0,1.7
2021-07-29 19:05:10.624839,927484,0.0,0.0
2021-07-29 19:05:10.624839,927643,0.0,1.7
2021-07-29 19:05:10.783926,927484,0.0,0.0
2021-07-29 19:05:10.783926,927643,0.0,1.7
2021-07-29 19:05:10.942109,927484,0.0,0.0
2021-07-29 19:05:10.942109,927643,0.0,1.7
2021-07-29 19:05:11.100807,927484,0.0,0.0
2021-07-29 19:05:11.100807,927643,0.0,1.7
2021-07-29 19:05:11.259378,927484,0.0,0.0
2021-07-29 19:05:11.259378,927643,0.0,1.7
2021-07-29 19:05:11.418098,927484,0.0,0.0
2021-07-29 19:05:11.418098,927643,0.0,1.7
2021-07-29 19:05:11.576647,927484,0.0,0.0
2021-07-29 19:05:11.576647,927643,0.0,1.7
2021-07-29 19:05:11.735147,927484,0.0,0.0
2021-07-29 19:05:11.735147,927643,0.0,1.7
2021-07-29 19:05:11.893528,927643,6.7,1.7
2021-07-29 19:05:11.893528,927484,0.0,0.0
2021-07-29 19:05:12.051892,927484,0.0,0.0
2021-07-29 19:05:12.051892,927643,0.0,1.7
2021-07-29 19:05:12.210252,927484,0.0,0.0
2021-07-29 19:05:12.210252,927643,0.0,1.7
2021-07-29 19:05:12.368604,927484,0.0,0.0
2021-07-29 19:05:12.368604,927643,0.0,1.7
2021-07-29 19:05:12.527352,927484,0.0,0.0
2021-07-29 19:05:12.527352,927643,0.0,1.7
2021-07-29 19:05:12.685935,927484,0.0,0.0
2021-07-29 19:05:12.685935,927643,0.0,1.7
2021-07-29 19:05:12.844468,927484,0.0,0.0
2021-07-29 19:05:12.844468,927643,0.0,1.7
2021-07-29 19:05:13.002446,927484,0.0,0.0
2021-07-29 19:05:13.002446,927643,0.0,1.7
2021-07-29 19:05:13.158294,927484,0.0,0.0
2021-07-29 19:05:13.158294,927643,0.0,1.7
2021-07-29 19:05:13.316811,927484,0.0,0.0
2021-07-29 19:05:13.316811,927643,0.0,1.7
2021-07-29 19:05:13.475498,927484,0.0,0.0
2021-07-29 19:05:13.475498,927643,0.0,1.7
2021-07-29 19:05:13.634153,927484,0.0,0.0
2021-07-29 19:05:13.634153,927643,0.0,1.7
2021-07-29 19:05:13.792346,927484,0.0,0.0
2021-07-29 19:05:13.792346,927643,0.0,1.7
2021-07-29 19:05:13.951989,927484,0.0,0.0
2021-07-29 19:05:13.951989,927643,0.0,1.7
2021-07-29 19:05:14.110608,927484,0.0,0.0
2021-07-29 19:05:14.110608,927643,0.0,1.7
2021-07-29 19:05:14.268845,927484,0.0,0.0
2021-07-29 19:05:14.268845,927643,0.0,1.7
2021-07-29 19:05:14.427479,927484,0.0,0.0
2021-07-29 19:05:14.427479,927643,0.0,1.7
2021-07-29 19:05:14.586380,927484,0.0,0.0
2021-07-29 19:05:14.586380,927643,0.0,1.7
2021-07-29 19:05:14.745494,927484,0.0,0.0
2021-07-29 19:05:14.745494,927643,0.0,1.7
2021-07-29 19:05:14.904083,927484,0.0,0.0
2021-07-29 19:05:14.904083,927643,0.0,1.7
2021-07-29 19:05:15.062872,927643,6.7,1.7
2021-07-29 19:05:15.062872,927484,0.0,0.0
2021-07-29 19:05:15.221427,927484,0.0,0.0
2021-07-29 19:05:15.221427,927643,0.0,1.7
2021-07-29 19:05:15.380500,927484,0.0,0.0
2021-07-29 19:05:15.380500,927643,0.0,1.7
2021-07-29 19:05:15.539368,927484,0.0,0.0
2021-07-29 19:05:15.539368,927643,0.0,1.7
2021-07-29 19:05:15.698136,927484,0.0,0.0
2021-07-29 19:05:15.698136,927643,0.0,1.7
2021-07-29 19:05:15.856679,927484,0.0,0.0
2021-07-29 19:05:15.856679,927643,0.0,1.7
2021-07-29 19:05:16.014715,927484,0.0,0.0
2021-07-29 19:05:16.014715,927643,0.0,1.7
2021-07-29 19:05:16.169677,927484,0.0,0.0
2021-07-29 19:05:16.169677,927643,0.0,1.7
2021-07-29 19:05:16.328218,927484,0.0,0.0
2021-07-29 19:05:16.328218,927643,0.0,1.7
2021-07-29 19:05:16.486912,927484,0.0,0.0
2021-07-29 19:05:16.486912,927643,0.0,1.7
2021-07-29 19:05:16.645733,927484,0.0,0.0
2021-07-29 19:05:16.645733,927643,0.0,1.7
2021-07-29 19:05:16.804260,927484,0.0,0.0
2021-07-29 19:05:16.804260,927643,0.0,1.7
2021-07-29 19:05:16.962942,927484,0.0,0.0
2021-07-29 19:05:16.962942,927643,0.0,1.7
2021-07-29 19:05:17.120702,927484,0.0,0.0
2021-07-29 19:05:17.120702,927643,0.0,1.7
2021-07-29 19:05:17.274681,927484,0.0,0.0
2021-07-29 19:05:17.274681,927643,0.0,1.7
2021-07-29 19:05:17.429076,927484,0.0,0.0
2021-07-29 19:05:17.429076,927643,0.0,1.7
2021-07-29 19:05:17.586738,927484,0.0,0.0
2021-07-29 19:05:17.586738,927643,0.0,1.7
2021-07-29 19:05:17.745230,927484,0.0,0.0
2021-07-29 19:05:17.745230,927643,0.0,1.7
2021-07-29 19:05:17.902674,927484,0.0,0.0
2021-07-29 19:05:17.902674,927643,0.0,1.7
2021-07-29 19:05:18.056474,927484,0.0,0.0
2021-07-29 19:05:18.056474,927643,0.0,1.7
2021-07-29 19:05:18.210616,927484,0.0,0.0
2021-07-29 19:05:18.210616,927643,0.0,1.7
2021-07-29 19:05:18.365011,927484,0.0,0.0
2021-07-29 19:05:18.365011,927643,0.0,1.7
2021-07-29 19:05:18.521783,927484,0.0,0.0
2021-07-29 19:05:18.521783,927643,0.0,1.7
2021-07-29 19:05:18.675984,927484,0.0,0.0
2021-07-29 19:05:18.675984,927643,0.0,1.7
2021-07-29 19:05:18.831584,927484,0.0,0.0
2021-07-29 19:05:18.831584,927643,0.0,1.7
2021-07-29 19:05:18.989333,927484,0.0,0.0
2021-07-29 19:05:18.989333,927643,0.0,1.7
2021-07-29 19:05:19.148004,927643,6.2,1.7
2021-07-29 19:05:19.148004,927484,0.0,0.0
2021-07-29 19:05:19.307475,927484,0.0,0.0
2021-07-29 19:05:19.307475,927643,0.0,1.7
2021-07-29 19:05:19.466316,927484,0.0,0.0
2021-07-29 19:05:19.466316,927643,0.0,1.7
2021-07-29 19:05:19.625452,927484,0.0,0.0
2021-07-29 19:05:19.625452,927643,0.0,1.7
2021-07-29 19:05:19.784160,927484,0.0,0.0
2021-07-29 19:05:19.784160,927643,0.0,1.7
2021-07-29 19:05:19.943117,927484,0.0,0.0
2021-07-29 19:05:19.943117,927643,0.0,1.7
2021-07-29 19:05:20.101721,927484,0.0,0.0
2021-07-29 19:05:20.101721,927643,0.0,1.7
2021-07-29 19:05:20.260024,927484,0.0,0.0
2021-07-29 19:05:20.260024,927643,0.0,1.7
2021-07-29 19:05:20.418700,927484,0.0,0.0
2021-07-29 19:05:20.418700,927643,0.0,1.7
2021-07-29 19:05:20.577573,927484,0.0,0.0
2021-07-29 19:05:20.577573,927643,0.0,1.7
2021-07-29 19:05:20.736566,927484,0.0,0.0
2021-07-29 19:05:20.736566,927643,0.0,1.7
2021-07-29 19:05:20.895586,927484,0.0,0.0
2021-07-29 19:05:20.895586,927643,0.0,1.7
2021-07-29 19:05:21.053290,927484,0.0,0.0
2021-07-29 19:05:21.053290,927643,0.0,1.7
2021-07-29 19:05:21.208136,927484,0.0,0.0
2021-07-29 19:05:21.208136,927643,0.0,1.7
2021-07-29 19:05:21.366778,927484,0.0,0.0
2021-07-29 19:05:21.366778,927643,0.0,1.7
2021-07-29 19:05:21.525503,927484,0.0,0.0
2021-07-29 19:05:21.525503,927643,0.0,1.7
2021-07-29 19:05:21.684099,927484,0.0,0.0
2021-07-29 19:05:21.684099,927643,0.0,1.7
2021-07-29 19:05:21.842893,927484,0.0,0.0
2021-07-29 19:05:21.842893,927643,0.0,1.7
2021-07-29 19:05:22.001348,927484,0.0,0.0
2021-07-29 19:05:22.001348,927643,0.0,1.7
2021-07-29 19:05:22.160213,927484,0.0,0.0
2021-07-29 19:05:22.160213,927643,0.0,1.7
2021-07-29 19:05:22.318711,927484,0.0,0.0
2021-07-29 19:05:22.318711,927643,0.0,1.7
2021-07-29 19:05:22.477205,927484,0.0,0.0
2021-07-29 19:05:22.477205,927643,0.0,1.7
2021-07-29 19:05:22.635725,927484,0.0,0.0
2021-07-29 19:05:22.635725,927643,0.0,1.7
2021-07-29 19:05:22.794424,927484,0.0,0.0
2021-07-29 19:05:22.794424,927643,0.0,1.7
2021-07-29 19:05:22.952874,927484,0.0,0.0
2021-07-29 19:05:22.952874,927643,0.0,1.7
2021-07-29 19:05:23.111076,927484,0.0,0.0
2021-07-29 19:05:23.111076,927643,0.0,1.7
2021-07-29 19:05:23.267362,927643,6.7,1.7
2021-07-29 19:05:23.267362,927484,0.0,0.0
2021-07-29 19:05:23.426042,927484,0.0,0.0
2021-07-29 19:05:23.426042,927643,0.0,1.7
2021-07-29 19:05:23.584845,927484,0.0,0.0
2021-07-29 19:05:23.584845,927643,0.0,1.7
2021-07-29 19:05:23.743699,927484,0.0,0.0
2021-07-29 19:05:23.743699,927643,0.0,1.7
2021-07-29 19:05:23.902344,927484,0.0,0.0
2021-07-29 19:05:23.902344,927643,0.0,1.7
2021-07-29 19:05:24.060899,927484,0.0,0.0
2021-07-29 19:05:24.060899,927643,0.0,1.7
2021-07-29 19:05:24.219648,927484,0.0,0.0
2021-07-29 19:05:24.219648,927643,0.0,1.7
2021-07-29 19:05:24.378428,927643,6.2,1.7
2021-07-29 19:05:24.378428,927484,0.0,0.0
2021-07-29 19:05:24.537879,927484,0.0,0.0
2021-07-29 19:05:24.537879,927643,0.0,1.7
2021-07-29 19:05:24.697258,927484,0.0,0.0
2021-07-29 19:05:24.697258,927643,0.0,1.7
2021-07-29 19:05:24.856012,927484,0.0,0.0
2021-07-29 19:05:24.856012,927643,0.0,1.7
2021-07-29 19:05:25.014831,927484,0.0,0.0
2021-07-29 19:05:25.014831,927643,0.0,1.7
2021-07-29 19:05:25.173565,927484,0.0,0.0
2021-07-29 19:05:25.173565,927643,0.0,1.7
2021-07-29 19:05:25.332303,927484,0.0,0.0
2021-07-29 19:05:25.332303,927643,0.0,1.7
2021-07-29 19:05:25.490863,927484,0.0,0.0
2021-07-29 19:05:25.490863,927643,0.0,1.7
2021-07-29 19:05:25.649827,927484,0.0,0.0
2021-07-29 19:05:25.649827,927643,0.0,1.7
2021-07-29 19:05:25.808713,927484,0.0,0.0
2021-07-29 19:05:25.808713,927643,0.0,1.7
2021-07-29 19:05:25.967300,927484,0.0,0.0
2021-07-29 19:05:25.967300,927643,0.0,1.7
2021-07-29 19:05:26.125524,927484,0.0,0.0
2021-07-29 19:05:26.125524,927643,0.0,1.7
2021-07-29 19:05:26.280930,927484,0.0,0.0
2021-07-29 19:05:26.280930,927643,0.0,1.7
2021-07-29 19:05:26.439108,927484,0.0,0.0
2021-07-29 19:05:26.439108,927643,0.0,1.7
2021-07-29 19:05:26.597625,927484,0.0,0.0
2021-07-29 19:05:26.597625,927643,0.0,1.7
2021-07-29 19:05:26.756355,927484,0.0,0.0
2021-07-29 19:05:26.756355,927643,0.0,1.7
2021-07-29 19:05:26.915082,927484,0.0,0.0
2021-07-29 19:05:26.915082,927643,0.0,1.7
2021-07-29 19:05:27.073524,927484,0.0,0.0
2021-07-29 19:05:27.073524,927643,0.0,1.7
2021-07-29 19:05:27.232240,927643,6.7,1.7
2021-07-29 19:05:27.232240,927484,0.0,0.0
2021-07-29 19:05:27.390858,927484,0.0,0.0
2021-07-29 19:05:27.390858,927643,0.0,1.7
2021-07-29 19:05:27.548937,927484,0.0,0.0
2021-07-29 19:05:27.548937,927643,0.0,1.7
2021-07-29 19:05:27.707716,927484,0.0,0.0
2021-07-29 19:05:27.707716,927643,0.0,1.7
2021-07-29 19:05:27.866302,927484,0.0,0.0
2021-07-29 19:05:27.866302,927643,0.0,1.7
2021-07-29 19:05:28.025062,927484,0.0,0.0
2021-07-29 19:05:28.025062,927643,0.0,1.7
2021-07-29 19:05:28.183007,927484,0.0,0.0
2021-07-29 19:05:28.183007,927643,0.0,1.7
2021-07-29 19:05:28.338598,927484,0.0,0.0
2021-07-29 19:05:28.338598,927643,0.0,1.7
2021-07-29 19:05:28.497356,927484,0.0,0.0
2021-07-29 19:05:28.497356,927643,0.0,1.7
2021-07-29 19:05:28.655914,927484,0.0,0.0
2021-07-29 19:05:28.655914,927643,0.0,1.7
2021-07-29 19:05:28.814608,927484,0.0,0.0
2021-07-29 19:05:28.814608,927643,0.0,1.7
2021-07-29 19:05:28.973391,927484,0.0,0.0
2021-07-29 19:05:28.973391,927643,0.0,1.7
2021-07-29 19:05:29.131094,927484,0.0,0.0
2021-07-29 19:05:29.131094,927643,0.0,1.7
2021-07-29 19:05:29.285972,927484,0.0,0.0
2021-07-29 19:05:29.285972,927643,0.0,1.7
2021-07-29 19:05:29.444782,927484,0.0,0.0
2021-07-29 19:05:29.444782,927643,0.0,1.7
2021-07-29 19:05:29.604078,927484,0.0,0.0
2021-07-29 19:05:29.604078,927643,0.0,1.7
2021-07-29 19:05:29.763770,927484,0.0,0.0
2021-07-29 19:05:29.763770,927643,0.0,1.7
2021-07-29 19:05:29.922726,927484,0.0,0.0
2021-07-29 19:05:29.922726,927643,0.0,1.7
2021-07-29 19:05:30.081424,927484,0.0,0.0
2021-07-29 19:05:30.081424,927643,0.0,1.7
2021-07-29 19:05:30.240012,927484,0.0,0.0
2021-07-29 19:05:30.240012,927643,0.0,1.7
2021-07-29 19:05:30.396554,927484,0.0,0.0
2021-07-29 19:05:30.396554,927643,0.0,1.7
2021-07-29 19:05:30.555312,927484,0.0,0.0
2021-07-29 19:05:30.555312,927643,0.0,1.7
2021-07-29 19:05:30.713989,927484,0.0,0.0
2021-07-29 19:05:30.713989,927643,0.0,1.7
2021-07-29 19:05:30.872740,927484,0.0,0.0
2021-07-29 19:05:30.872740,927643,0.0,1.7
2021-07-29 19:05:31.032065,927484,0.0,0.0
2021-07-29 19:05:31.032065,927643,0.0,1.7
2021-07-29 19:05:31.190341,927484,0.0,0.0
2021-07-29 19:05:31.190341,927643,0.0,1.7
2021-07-29 19:05:31.345756,927484,0.0,0.0
2021-07-29 19:05:31.345756,927643,0.0,1.7
2021-07-29 19:05:31.504384,927484,0.0,0.0
2021-07-29 19:05:31.504384,927643,0.0,1.7
2021-07-29 19:05:31.663207,927484,0.0,0.0
2021-07-29 19:05:31.663207,927643,0.0,1.7
2021-07-29 19:05:31.821689,927484,0.0,0.0
2021-07-29 19:05:31.821689,927643,0.0,1.7
2021-07-29 19:05:31.980563,927484,0.0,0.0
2021-07-29 19:05:31.980563,927643,0.0,1.7
2021-07-29 19:05:32.139284,927484,0.0,0.0
2021-07-29 19:05:32.139284,927643,0.0,1.7
2021-07-29 19:05:32.297995,927643,6.2,1.7
2021-07-29 19:05:32.297995,927484,0.0,0.0
2021-07-29 19:05:32.456304,927484,0.0,0.0
2021-07-29 19:05:32.456304,927643,0.0,1.7
2021-07-29 19:05:32.615047,927484,0.0,0.0
2021-07-29 19:05:32.615047,927643,0.0,1.7
2021-07-29 19:05:32.773941,927484,0.0,0.0
2021-07-29 19:05:32.773941,927643,0.0,1.7
2021-07-29 19:05:32.932825,927484,0.0,0.0
2021-07-29 19:05:32.932825,927643,0.0,1.7
2021-07-29 19:05:33.090679,927484,0.0,0.0
2021-07-29 19:05:33.090679,927643,0.0,1.7
2021-07-29 19:05:33.245678,927484,0.0,0.0
2021-07-29 19:05:33.245678,927643,0.0,1.7
2021-07-29 19:05:33.404116,927484,0.0,0.0
2021-07-29 19:05:33.404116,927643,0.0,1.7
2021-07-29 19:05:33.562776,927484,0.0,0.0
2021-07-29 19:05:33.562776,927643,0.0,1.7
2021-07-29 19:05:33.721338,927484,0.0,0.0
2021-07-29 19:05:33.721338,927643,0.0,1.7
2021-07-29 19:05:33.879998,927484,0.0,0.0
2021-07-29 19:05:33.879998,927643,0.0,1.7
2021-07-29 19:05:34.038687,927484,0.0,0.0
2021-07-29 19:05:34.038687,927643,0.0,1.7
2021-07-29 19:05:34.196823,927484,0.0,0.0
2021-07-29 19:05:34.196823,927643,0.0,1.7
2021-07-29 19:05:34.352342,927643,6.7,1.7
2021-07-29 19:05:34.352342,927484,0.0,0.0
2021-07-29 19:05:34.510963,927484,0.0,0.0
2021-07-29 19:05:34.510963,927643,0.0,1.7
2021-07-29 19:05:34.669424,927484,0.0,0.0
2021-07-29 19:05:34.669424,927643,0.0,1.7
2021-07-29 19:05:34.828090,927484,0.0,0.0
2021-07-29 19:05:34.828090,927643,0.0,1.7
2021-07-29 19:05:34.986913,927484,0.0,0.0
2021-07-29 19:05:34.986913,927643,0.0,1.7
2021-07-29 19:05:35.145688,927484,0.0,0.0
2021-07-29 19:05:35.145688,927643,0.0,1.7
2021-07-29 19:05:35.304243,927484,0.0,0.0
2021-07-29 19:05:35.304243,927643,0.0,1.7
2021-07-29 19:05:35.462392,927484,0.0,0.0
2021-07-29 19:05:35.462392,927643,0.0,1.7
2021-07-29 19:05:35.620911,927484,0.0,0.0
2021-07-29 19:05:35.620911,927643,0.0,1.7
2021-07-29 19:05:35.778938,927484,0.0,0.0
2021-07-29 19:05:35.778938,927643,0.0,1.7
2021-07-29 19:05:35.937069,927484,0.0,0.0
2021-07-29 19:05:35.937069,927643,0.0,1.7
2021-07-29 19:05:36.095529,927484,0.0,0.0
2021-07-29 19:05:36.095529,927643,0.0,1.7
2021-07-29 19:05:36.253710,927484,0.0,0.0
2021-07-29 19:05:36.253710,927643,0.0,1.7
2021-07-29 19:05:36.410221,927484,0.0,0.0
2021-07-29 19:05:36.410221,927643,0.0,1.7
2021-07-29 19:05:36.569631,927484,0.0,0.0
2021-07-29 19:05:36.569631,927643,0.0,1.7
2021-07-29 19:05:36.728924,927484,0.0,0.0
2021-07-29 19:05:36.728924,927643,0.0,1.7
2021-07-29 19:05:36.887628,927484,0.0,0.0
2021-07-29 19:05:36.887628,927643,0.0,1.7
2021-07-29 19:05:37.046519,927484,0.0,0.0
2021-07-29 19:05:37.046519,927643,0.0,1.7
2021-07-29 19:05:37.205205,927484,0.0,0.0
2021-07-29 19:05:37.205205,927643,0.0,1.7
2021-07-29 19:05:37.362665,927484,0.0,0.0
2021-07-29 19:05:37.362665,927643,0.0,1.7
2021-07-29 19:05:37.521374,927484,0.0,0.0
2021-07-29 19:05:37.521374,927643,0.0,1.7
2021-07-29 19:05:37.679952,927484,0.0,0.0
2021-07-29 19:05:37.679952,927643,0.0,1.7
2021-07-29 19:05:37.838583,927484,0.0,0.0
2021-07-29 19:05:37.838583,927643,0.0,1.7
2021-07-29 19:05:37.997651,927484,0.0,0.0
2021-07-29 19:05:37.997651,927643,0.0,1.7
2021-07-29 19:05:38.156272,927484,0.0,0.0
2021-07-29 19:05:38.156272,927643,0.0,1.7
2021-07-29 19:05:38.314857,927484,0.0,0.0
2021-07-29 19:05:38.314857,927643,0.0,1.7
2021-07-29 19:05:38.473665,927484,0.0,0.0
2021-07-29 19:05:38.473665,927643,0.0,1.7
2021-07-29 19:05:38.632563,927484,0.0,0.0
2021-07-29 19:05:38.632563,927643,0.0,1.7
2021-07-29 19:05:38.791596,927484,0.0,0.0
2021-07-29 19:05:38.791596,927643,0.0,1.7
2021-07-29 19:05:38.950002,927484,0.0,0.0
2021-07-29 19:05:38.950002,927643,0.0,1.7
2021-07-29 19:05:39.108803,927484,0.0,0.0
2021-07-29 19:05:39.108803,927643,0.0,1.7
2021-07-29 19:05:39.266860,927484,0.0,0.0
2021-07-29 19:05:39.266860,927643,0.0,1.7
2021-07-29 19:05:39.422818,927643,6.7,1.7
2021-07-29 19:05:39.422818,927484,0.0,0.0
2021-07-29 19:05:39.581417,927484,0.0,0.0
2021-07-29 19:05:39.581417,927643,0.0,1.7
2021-07-29 19:05:39.739777,927484,0.0,0.0
2021-07-29 19:05:39.739777,927643,0.0,1.7
2021-07-29 19:05:39.898608,927484,0.0,0.0
2021-07-29 19:05:39.898608,927643,0.0,1.7
2021-07-29 19:05:40.056899,927484,0.0,0.0
2021-07-29 19:05:40.056899,927643,0.0,1.7
2021-07-29 19:05:40.215712,927484,0.0,0.0
2021-07-29 19:05:40.215712,927643,0.0,1.7
2021-07-29 19:05:40.374849,927643,6.7,1.7
2021-07-29 19:05:40.374849,927484,0.0,0.0
2021-07-29 19:05:40.533104,927484,0.0,0.0
2021-07-29 19:05:40.533104,927643,0.0,1.7
2021-07-29 19:05:40.691968,927484,0.0,0.0
2021-07-29 19:05:40.691968,927643,0.0,1.7
2021-07-29 19:05:40.850678,927484,0.0,0.0
2021-07-29 19:05:40.850678,927643,0.0,1.7
2021-07-29 19:05:41.009358,927484,0.0,0.0
2021-07-29 19:05:41.009358,927643,0.0,1.7
2021-07-29 19:05:41.168040,927484,0.0,0.0
2021-07-29 19:05:41.168040,927643,0.0,1.7
2021-07-29 19:05:41.326780,927484,0.0,0.0
2021-07-29 19:05:41.326780,927643,0.0,1.7
2021-07-29 19:05:41.485668,927484,0.0,0.0
2021-07-29 19:05:41.485668,927643,0.0,1.7
2021-07-29 19:05:41.644367,927484,0.0,0.0
2021-07-29 19:05:41.644367,927643,0.0,1.7
2021-07-29 19:05:41.803257,927484,0.0,0.0
2021-07-29 19:05:41.803257,927643,0.0,1.7
2021-07-29 19:05:41.961915,927484,0.0,0.0
2021-07-29 19:05:41.961915,927643,0.0,1.7
2021-07-29 19:05:42.120799,927484,0.0,0.0
2021-07-29 19:05:42.120799,927643,0.0,1.7
2021-07-29 19:05:42.278718,927484,0.0,0.0
2021-07-29 19:05:42.278718,927643,0.0,1.7
2021-07-29 19:05:42.433314,927484,0.0,0.0
2021-07-29 19:05:42.433314,927643,0.0,1.7
2021-07-29 19:05:42.592511,927484,0.0,0.0
2021-07-29 19:05:42.592511,927643,0.0,1.7
2021-07-29 19:05:42.751433,927484,0.0,0.0
2021-07-29 19:05:42.751433,927643,0.0,1.7
2021-07-29 19:05:42.910124,927484,0.0,0.0
2021-07-29 19:05:42.910124,927643,0.0,1.7
2021-07-29 19:05:43.068949,927484,0.0,0.0
2021-07-29 19:05:43.068949,927643,0.0,1.7
2021-07-29 19:05:43.228494,927484,0.0,0.0
2021-07-29 19:05:43.228494,927643,0.0,1.7
2021-07-29 19:05:43.387073,927484,0.0,0.0
2021-07-29 19:05:43.387073,927643,0.0,1.7
2021-07-29 19:05:43.546186,927484,0.0,0.0
2021-07-29 19:05:43.546186,927643,0.0,1.7
2021-07-29 19:05:43.705702,927484,0.0,0.0
2021-07-29 19:05:43.705702,927643,0.0,1.7
2021-07-29 19:05:43.864959,927484,0.0,0.0
2021-07-29 19:05:43.864959,927643,0.0,1.7
2021-07-29 19:05:44.024322,927484,0.0,0.0
2021-07-29 19:05:44.024322,927643,0.0,1.7
2021-07-29 19:05:44.183072,927484,0.0,0.0
2021-07-29 19:05:44.183072,927643,0.0,1.7
2021-07-29 19:05:44.341771,927484,0.0,0.0
2021-07-29 19:05:44.341771,927643,0.0,1.7
2021-07-29 19:05:44.500285,927484,0.0,0.0
2021-07-29 19:05:44.500285,927643,0.0,1.7
2021-07-29 19:05:44.658985,927484,0.0,0.0
2021-07-29 19:05:44.658985,927643,0.0,1.7
2021-07-29 19:05:44.817530,927484,0.0,0.0
2021-07-29 19:05:44.817530,927643,0.0,1.7
2021-07-29 19:05:44.976239,927484,0.0,0.0
2021-07-29 19:05:44.976239,927643,0.0,1.7
2021-07-29 19:05:45.135864,927643,6.7,1.7
2021-07-29 19:05:45.135864,927484,0.0,0.0
2021-07-29 19:05:45.293968,927484,0.0,0.0
2021-07-29 19:05:45.293968,927643,0.0,1.7
2021-07-29 19:05:45.448537,927484,0.0,0.0
2021-07-29 19:05:45.448537,927643,0.0,1.7
2021-07-29 19:05:45.606947,927484,0.0,0.0
2021-07-29 19:05:45.606947,927643,0.0,1.7
2021-07-29 19:05:45.765801,927484,0.0,0.0
2021-07-29 19:05:45.765801,927643,0.0,1.7
2021-07-29 19:05:45.924974,927484,0.0,0.0
2021-07-29 19:05:45.924974,927643,0.0,1.7
2021-07-29 19:05:46.083827,927484,0.0,0.0
2021-07-29 19:05:46.083827,927643,0.0,1.7
2021-07-29 19:05:46.242546,927484,0.0,0.0
2021-07-29 19:05:46.242546,927643,0.0,1.7
2021-07-29 19:05:46.401316,927484,0.0,0.0
2021-07-29 19:05:46.401316,927643,0.0,1.7
2021-07-29 19:05:46.559910,927484,0.0,0.0
2021-07-29 19:05:46.559910,927643,0.0,1.7
2021-07-29 19:05:46.718765,927484,0.0,0.0
2021-07-29 19:05:46.718765,927643,0.0,1.7
2021-07-29 19:05:46.877778,927484,0.0,0.0
2021-07-29 19:05:46.877778,927643,0.0,1.7
2021-07-29 19:05:47.036667,927484,0.0,0.0
2021-07-29 19:05:47.036667,927643,0.0,1.7
2021-07-29 19:05:47.195355,927484,0.0,0.0
2021-07-29 19:05:47.195355,927643,0.0,1.7
2021-07-29 19:05:47.353731,927484,0.0,0.0
2021-07-29 19:05:47.353731,927643,0.0,1.7
2021-07-29 19:05:47.510536,927484,0.0,0.0
2021-07-29 19:05:47.510536,927643,0.0,1.7
2021-07-29 19:05:47.668843,927484,0.0,0.0
2021-07-29 19:05:47.668843,927643,0.0,1.7
2021-07-29 19:05:47.827339,927484,0.0,0.0
2021-07-29 19:05:47.827339,927643,0.0,1.7
2021-07-29 19:05:47.985861,927484,0.0,0.0
2021-07-29 19:05:47.985861,927643,0.0,1.7
2021-07-29 19:05:48.144386,927484,0.0,0.0
2021-07-29 19:05:48.144386,927643,0.0,1.7
2021-07-29 19:05:48.303163,927484,0.0,0.0
2021-07-29 19:05:48.303163,927643,0.0,1.7
2021-07-29 19:05:48.461616,927484,0.0,0.0
2021-07-29 19:05:48.461616,927643,0.0,1.7
2021-07-29 19:05:48.620589,927484,0.0,0.0
2021-07-29 19:05:48.620589,927643,0.0,1.7
2021-07-29 19:05:48.779133,927643,6.7,1.7
2021-07-29 19:05:48.779133,927484,0.0,0.0
2021-07-29 19:05:48.938501,927484,0.0,0.0
2021-07-29 19:05:48.938501,927643,0.0,1.7
2021-07-29 19:05:49.097295,927484,0.0,0.0
2021-07-29 19:05:49.097295,927643,0.0,1.7
2021-07-29 19:05:49.256187,927484,0.0,0.0
2021-07-29 19:05:49.256187,927643,0.0,1.7
2021-07-29 19:05:49.414686,927484,0.0,0.0
2021-07-29 19:05:49.414686,927643,0.0,1.7
2021-07-29 19:05:49.573361,927484,0.0,0.0
2021-07-29 19:05:49.573361,927643,0.0,1.7
2021-07-29 19:05:49.732274,927484,0.0,0.0
2021-07-29 19:05:49.732274,927643,0.0,1.7
2021-07-29 19:05:49.890972,927484,0.0,0.0
2021-07-29 19:05:49.890972,927643,0.0,1.7
2021-07-29 19:05:50.049337,927484,0.0,0.0
2021-07-29 19:05:50.049337,927643,0.0,1.7
2021-07-29 19:05:50.207688,927484,0.0,0.0
2021-07-29 19:05:50.207688,927643,0.0,1.7
2021-07-29 19:05:50.365832,927484,0.0,0.0
2021-07-29 19:05:50.365832,927643,0.0,1.7
2021-07-29 19:05:50.521650,927484,0.0,0.0
2021-07-29 19:05:50.521650,927643,0.0,1.7
2021-07-29 19:05:50.679854,927484,0.0,0.0
2021-07-29 19:05:50.679854,927643,0.0,1.7
2021-07-29 19:05:50.838504,927484,0.0,0.0
2021-07-29 19:05:50.838504,927643,0.0,1.7
2021-07-29 19:05:50.997230,927484,0.0,0.0
2021-07-29 19:05:50.997230,927643,0.0,1.7
2021-07-29 19:05:51.156164,927484,0.0,0.0
2021-07-29 19:05:51.156164,927643,0.0,1.7
2021-07-29 19:05:51.315279,927484,0.0,0.0
2021-07-29 19:05:51.315279,927643,0.0,1.7
2021-07-29 19:05:51.473793,927484,0.0,0.0
2021-07-29 19:05:51.473793,927643,0.0,1.7
2021-07-29 19:05:51.632193,927643,6.7,1.7
2021-07-29 19:05:51.632193,927484,0.0,0.0
2021-07-29 19:05:51.790285,927484,0.0,0.0
2021-07-29 19:05:51.790285,927643,0.0,1.7
2021-07-29 19:05:51.949202,927484,0.0,0.0
2021-07-29 19:05:51.949202,927643,0.0,1.7
2021-07-29 19:05:52.107774,927484,0.0,0.0
2021-07-29 19:05:52.107774,927643,0.0,1.7
2021-07-29 19:05:52.266496,927484,0.0,0.0
2021-07-29 19:05:52.266496,927643,0.0,1.7
2021-07-29 19:05:52.424916,927484,0.0,0.0
2021-07-29 19:05:52.424916,927643,0.0,1.7
2021-07-29 19:05:52.584851,927484,0.0,0.0
2021-07-29 19:05:52.584851,927643,0.0,1.7
2021-07-29 19:05:52.743618,927484,0.0,0.0
2021-07-29 19:05:52.743618,927643,0.0,1.7
2021-07-29 19:05:52.902120,927484,0.0,0.0
2021-07-29 19:05:52.902120,927643,0.0,1.7
2021-07-29 19:05:53.060809,927484,0.0,0.0
2021-07-29 19:05:53.060809,927643,0.0,1.7
2021-07-29 19:05:53.219692,927484,0.0,0.0
2021-07-29 19:05:53.219692,927643,0.0,1.7
2021-07-29 19:05:53.376967,927484,0.0,0.0
2021-07-29 19:05:53.376967,927643,0.0,1.7
2021-07-29 19:05:53.531901,927484,0.0,0.0
2021-07-29 19:05:53.531901,927643,0.0,1.7
2021-07-29 19:05:53.690059,927484,0.0,0.0
2021-07-29 19:05:53.690059,927643,0.0,1.7
2021-07-29 19:05:53.848657,927484,0.0,0.0
2021-07-29 19:05:53.848657,927643,0.0,1.7
2021-07-29 19:05:54.007197,927484,0.0,0.0
2021-07-29 19:05:54.007197,927643,0.0,1.7
2021-07-29 19:05:54.165901,927484,0.0,0.0
2021-07-29 19:05:54.165901,927643,0.0,1.7
2021-07-29 19:05:54.324546,927484,0.0,0.0
2021-07-29 19:05:54.324546,927643,0.0,1.7
2021-07-29 19:05:54.483295,927484,0.0,0.0
2021-07-29 19:05:54.483295,927643,0.0,1.7
2021-07-29 19:05:54.642036,927484,0.0,0.0
2021-07-29 19:05:54.642036,927643,0.0,1.7
2021-07-29 19:05:54.801162,927484,0.0,0.0
2021-07-29 19:05:54.801162,927643,0.0,1.7
2021-07-29 19:05:54.959839,927484,0.0,0.0
2021-07-29 19:05:54.959839,927643,0.0,1.7
2021-07-29 19:05:55.118631,927484,0.0,0.0
2021-07-29 19:05:55.118631,927643,0.0,1.7
2021-07-29 19:05:55.277744,927484,0.0,0.0
2021-07-29 19:05:55.277744,927643,0.0,1.7
2021-07-29 19:05:55.435885,927484,0.0,0.0
2021-07-29 19:05:55.435885,927643,0.0,1.7
2021-07-29 19:05:55.592400,927484,0.0,0.0
2021-07-29 19:05:55.592400,927643,0.0,1.7
2021-07-29 19:05:55.751256,927643,6.7,1.7
2021-07-29 19:05:55.751256,927484,0.0,0.0
2021-07-29 19:05:55.910410,927643,6.7,1.7
2021-07-29 19:05:55.910410,927484,0.0,0.0
2021-07-29 19:05:56.069570,927484,0.0,0.0
2021-07-29 19:05:56.069570,927643,0.0,1.7
2021-07-29 19:05:56.228100,927484,0.0,0.0
2021-07-29 19:05:56.228100,927643,0.0,1.7
2021-07-29 19:05:56.387066,927484,0.0,0.0
2021-07-29 19:05:56.387066,927643,0.0,1.7
2021-07-29 19:05:56.545830,927484,0.0,0.0
2021-07-29 19:05:56.545830,927643,0.0,1.7
2021-07-29 19:05:56.704805,927484,0.0,0.0
2021-07-29 19:05:56.704805,927643,0.0,1.7
2021-07-29 19:05:56.863713,927484,0.0,0.0
2021-07-29 19:05:56.863713,927643,0.0,1.7
2021-07-29 19:05:57.022208,927484,0.0,0.0
2021-07-29 19:05:57.022208,927643,0.0,1.7
2021-07-29 19:05:57.180902,927484,0.0,0.0
2021-07-29 19:05:57.180902,927643,0.0,1.7
2021-07-29 19:05:57.339569,927484,0.0,0.0
2021-07-29 19:05:57.339569,927643,0.0,1.7
2021-07-29 19:05:57.498108,927484,0.0,0.0
2021-07-29 19:05:57.498108,927643,0.0,1.7
2021-07-29 19:05:57.656251,927484,0.0,0.0
2021-07-29 19:05:57.656251,927643,0.0,1.7
2021-07-29 19:05:57.814928,927484,0.0,0.0
2021-07-29 19:05:57.814928,927643,0.0,1.7
2021-07-29 19:05:57.973852,927484,0.0,0.0
2021-07-29 19:05:57.973852,927643,0.0,1.7
2021-07-29 19:05:58.132319,927484,0.0,0.0
2021-07-29 19:05:58.132319,927643,0.0,1.7
2021-07-29 19:05:58.290587,927484,0.0,0.0
2021-07-29 19:05:58.290587,927643,0.0,1.7
2021-07-29 19:05:58.448625,927484,0.0,0.0
2021-07-29 19:05:58.448625,927643,0.0,1.7
2021-07-29 19:05:58.604037,927484,0.0,0.0
2021-07-29 19:05:58.604037,927643,0.0,1.7
2021-07-29 19:05:58.762751,927484,0.0,0.0
2021-07-29 19:05:58.762751,927643,0.0,1.7
2021-07-29 19:05:58.921483,927484,0.0,0.0
2021-07-29 19:05:58.921483,927643,0.0,1.7
2021-07-29 19:05:59.079972,927484,0.0,0.0
2021-07-29 19:05:59.079972,927643,0.0,1.7
2021-07-29 19:05:59.238682,927484,0.0,0.0
2021-07-29 19:05:59.238682,927643,0.0,1.7
2021-07-29 19:05:59.397017,927484,0.0,0.0
2021-07-29 19:05:59.397017,927643,0.0,1.7
2021-07-29 19:05:59.555757,927484,0.0,0.0
2021-07-29 19:05:59.555757,927643,0.0,1.7
2021-07-29 19:05:59.714221,927484,0.0,0.0
2021-07-29 19:05:59.714221,927643,0.0,1.7
2021-07-29 19:05:59.872623,927484,0.0,0.0
2021-07-29 19:05:59.872623,927643,0.0,1.7
2021-07-29 19:06:00.030774,927484,0.0,0.0
2021-07-29 19:06:00.030774,927643,0.0,1.7
2021-07-29 19:06:00.189578,927484,0.0,0.0
2021-07-29 19:06:00.189578,927643,0.0,1.7
2021-07-29 19:06:00.349539,927484,0.0,0.0
2021-07-29 19:06:00.349539,927643,0.0,1.7
2021-07-29 19:06:00.508679,927484,0.0,0.0
2021-07-29 19:06:00.508679,927643,0.0,1.7
2021-07-29 19:06:00.666886,927484,0.0,0.0
2021-07-29 19:06:00.666886,927643,0.0,1.7
