timestamp,PID,CPU,RAM
2021-07-30 06:00:44.434479,2613663,6.7,6.0
2021-07-30 06:00:44.434479,2613545,0.0,0.0
2021-07-30 06:00:44.592290,2613545,0.0,0.0
2021-07-30 06:00:44.592290,2613663,0.0,6.0
2021-07-30 06:00:44.749662,2613545,0.0,0.0
2021-07-30 06:00:44.749662,2613663,0.0,6.0
2021-07-30 06:00:44.906970,2613545,0.0,0.0
2021-07-30 06:00:44.906970,2613663,0.0,6.0
2021-07-30 06:00:45.064329,2613545,0.0,0.0
2021-07-30 06:00:45.064329,2613663,0.0,6.0
2021-07-30 06:00:45.221723,2613545,0.0,0.0
2021-07-30 06:00:45.221723,2613663,0.0,6.0
2021-07-30 06:00:45.379043,2613545,0.0,0.0
2021-07-30 06:00:45.379043,2613663,0.0,6.0
2021-07-30 06:00:45.536425,2613545,0.0,0.0
2021-07-30 06:00:45.536425,2613663,0.0,6.0
2021-07-30 06:00:45.693510,2613545,0.0,0.0
2021-07-30 06:00:45.693510,2613663,0.0,6.0
2021-07-30 06:00:45.850773,2613545,0.0,0.0
2021-07-30 06:00:45.850773,2613663,0.0,6.0
2021-07-30 06:00:46.008157,2613545,0.0,0.0
2021-07-30 06:00:46.008157,2613663,0.0,6.0
2021-07-30 06:00:46.165490,2613545,0.0,0.0
2021-07-30 06:00:46.165490,2613663,0.0,6.0
2021-07-30 06:00:46.322777,2613545,0.0,0.0
2021-07-30 06:00:46.322777,2613663,0.0,6.0
2021-07-30 06:00:46.480194,2613545,0.0,0.0
2021-07-30 06:00:46.480194,2613663,0.0,6.0
2021-07-30 06:00:46.637735,2613545,0.0,0.0
2021-07-30 06:00:46.637735,2613663,0.0,6.0
2021-07-30 06:00:46.795059,2613545,0.0,0.0
2021-07-30 06:00:46.795059,2613663,0.0,6.0
2021-07-30 06:00:46.952404,2613545,0.0,0.0
2021-07-30 06:00:46.952404,2613663,0.0,6.0
2021-07-30 06:00:47.109588,2613545,0.0,0.0
2021-07-30 06:00:47.109588,2613663,0.0,6.0
2021-07-30 06:00:47.266929,2613545,0.0,0.0
2021-07-30 06:00:47.266929,2613663,0.0,6.0
2021-07-30 06:00:47.424220,2613545,0.0,0.0
2021-07-30 06:00:47.424220,2613663,0.0,6.0
2021-07-30 06:00:47.581591,2613545,0.0,0.0
2021-07-30 06:00:47.581591,2613663,0.0,6.0
2021-07-30 06:00:47.738901,2613545,0.0,0.0
2021-07-30 06:00:47.738901,2613663,0.0,6.0
2021-07-30 06:00:47.896577,2613663,13.3,6.0
2021-07-30 06:00:47.896577,2613545,0.0,0.0
2021-07-30 06:00:48.053642,2613545,0.0,0.0
2021-07-30 06:00:48.053642,2613663,0.0,6.0
2021-07-30 06:00:48.211016,2613545,0.0,0.0
2021-07-30 06:00:48.211016,2613663,0.0,6.0
2021-07-30 06:00:48.368144,2613545,0.0,0.0
2021-07-30 06:00:48.368144,2613663,0.0,6.0
2021-07-30 06:00:48.525960,2613545,0.0,0.0
2021-07-30 06:00:48.525960,2613663,0.0,6.0
2021-07-30 06:00:48.683552,2613545,0.0,0.0
2021-07-30 06:00:48.683552,2613663,0.0,6.0
2021-07-30 06:00:48.841519,2613545,0.0,0.0
2021-07-30 06:00:48.841519,2613663,0.0,6.0
2021-07-30 06:00:48.998865,2613545,0.0,0.0
2021-07-30 06:00:48.998865,2613663,0.0,6.0
2021-07-30 06:00:49.155387,2613545,0.0,0.0
2021-07-30 06:00:49.155387,2613663,0.0,6.0
2021-07-30 06:00:49.311722,2613545,0.0,0.0
2021-07-30 06:00:49.311722,2613663,0.0,6.0
2021-07-30 06:00:49.470702,2613545,0.0,0.0
2021-07-30 06:00:49.470702,2613663,0.0,6.0
2021-07-30 06:00:49.628363,2613545,0.0,0.0
2021-07-30 06:00:49.628363,2613663,0.0,6.0
2021-07-30 06:00:49.785289,2613545,0.0,0.0
2021-07-30 06:00:49.785289,2613663,0.0,6.0
2021-07-30 06:00:49.943129,2613545,0.0,0.0
2021-07-30 06:00:49.943129,2613663,0.0,6.0
2021-07-30 06:00:50.100085,2613545,0.0,0.0
2021-07-30 06:00:50.100085,2613663,0.0,6.0
2021-07-30 06:00:50.257356,2613545,0.0,0.0
2021-07-30 06:00:50.257356,2613663,0.0,6.0
2021-07-30 06:00:50.413946,2613545,0.0,0.0
2021-07-30 06:00:50.413946,2613663,0.0,6.0
2021-07-30 06:00:50.570953,2613545,0.0,0.0
2021-07-30 06:00:50.570953,2613663,0.0,6.0
2021-07-30 06:00:50.728221,2613545,0.0,0.0
2021-07-30 06:00:50.728221,2613663,0.0,6.0
2021-07-30 06:00:50.884860,2613545,0.0,0.0
2021-07-30 06:00:50.884860,2613663,0.0,6.0
2021-07-30 06:00:51.042443,2613545,0.0,0.0
2021-07-30 06:00:51.042443,2613663,0.0,6.0
2021-07-30 06:00:51.199842,2613545,0.0,0.0
2021-07-30 06:00:51.199842,2613663,0.0,6.0
2021-07-30 06:00:51.357502,2613545,0.0,0.0
2021-07-30 06:00:51.357502,2613663,0.0,6.0
2021-07-30 06:00:51.514663,2613545,0.0,0.0
2021-07-30 06:00:51.514663,2613663,0.0,6.0
2021-07-30 06:00:51.672450,2613545,0.0,0.0
2021-07-30 06:00:51.672450,2613663,0.0,6.0
2021-07-30 06:00:51.829837,2613545,0.0,0.0
2021-07-30 06:00:51.829837,2613663,0.0,6.0
2021-07-30 06:00:51.987328,2613545,0.0,0.0
2021-07-30 06:00:51.987328,2613663,0.0,6.0
2021-07-30 06:00:52.144862,2613545,0.0,0.0
2021-07-30 06:00:52.144862,2613663,0.0,6.0
2021-07-30 06:00:52.302397,2613545,0.0,0.0
2021-07-30 06:00:52.302397,2613663,0.0,6.0
2021-07-30 06:00:52.459697,2613545,0.0,0.0
2021-07-30 06:00:52.459697,2613663,0.0,6.0
2021-07-30 06:00:52.617068,2613545,0.0,0.0
2021-07-30 06:00:52.617068,2613663,0.0,6.0
2021-07-30 06:00:52.774534,2613545,0.0,0.0
2021-07-30 06:00:52.774534,2613663,0.0,6.0
2021-07-30 06:00:52.931863,2613545,0.0,0.0
2021-07-30 06:00:52.931863,2613663,0.0,6.0
2021-07-30 06:00:53.089198,2613545,0.0,0.0
2021-07-30 06:00:53.089198,2613663,0.0,6.0
2021-07-30 06:00:53.246475,2613545,0.0,0.0
2021-07-30 06:00:53.246475,2613663,0.0,6.0
2021-07-30 06:00:53.403807,2613545,0.0,0.0
2021-07-30 06:00:53.403807,2613663,0.0,6.0
2021-07-30 06:00:53.561242,2613545,0.0,0.0
2021-07-30 06:00:53.561242,2613663,0.0,6.0
2021-07-30 06:00:53.718570,2613545,0.0,0.0
2021-07-30 06:00:53.718570,2613663,0.0,6.0
2021-07-30 06:00:53.875896,2613545,0.0,0.0
2021-07-30 06:00:53.875896,2613663,0.0,6.0
2021-07-30 06:00:54.033142,2613545,0.0,0.0
2021-07-30 06:00:54.033142,2613663,0.0,6.0
2021-07-30 06:00:54.190564,2613545,0.0,0.0
2021-07-30 06:00:54.190564,2613663,0.0,6.0
2021-07-30 06:00:54.347883,2613545,0.0,0.0
2021-07-30 06:00:54.347883,2613663,0.0,6.0
2021-07-30 06:00:54.505366,2613545,0.0,0.0
2021-07-30 06:00:54.505366,2613663,0.0,6.0
2021-07-30 06:00:54.662720,2613545,0.0,0.0
2021-07-30 06:00:54.662720,2613663,0.0,6.0
2021-07-30 06:00:54.820010,2613545,0.0,0.0
2021-07-30 06:00:54.820010,2613663,0.0,6.0
2021-07-30 06:00:54.977709,2613545,0.0,0.0
2021-07-30 06:00:54.977709,2613663,0.0,6.0
2021-07-30 06:00:55.134736,2613545,0.0,0.0
2021-07-30 06:00:55.134736,2613663,0.0,6.0
2021-07-30 06:00:55.291407,2613545,0.0,0.0
2021-07-30 06:00:55.291407,2613663,0.0,6.0
2021-07-30 06:00:55.448394,2613545,0.0,0.0
2021-07-30 06:00:55.448394,2613663,0.0,6.0
2021-07-30 06:00:55.605907,2613545,0.0,0.0
2021-07-30 06:00:55.605907,2613663,0.0,6.0
2021-07-30 06:00:55.769517,2613545,0.0,0.0
2021-07-30 06:00:55.769517,2613663,0.0,6.0
2021-07-30 06:00:55.929360,2613545,0.0,0.0
2021-07-30 06:00:55.929360,2613663,0.0,6.0
2021-07-30 06:00:56.090693,2613545,0.0,0.0
2021-07-30 06:00:56.090693,2613663,0.0,6.0
2021-07-30 06:00:56.248186,2613545,0.0,0.0
2021-07-30 06:00:56.248186,2613663,0.0,6.0
2021-07-30 06:00:56.405750,2613545,0.0,0.0
2021-07-30 06:00:56.405750,2613663,0.0,6.0
2021-07-30 06:00:56.562588,2613545,0.0,0.0
2021-07-30 06:00:56.562588,2613663,0.0,6.0
2021-07-30 06:00:56.719302,2613545,0.0,0.0
2021-07-30 06:00:56.719302,2613663,0.0,6.0
2021-07-30 06:00:56.878640,2613545,0.0,0.0
2021-07-30 06:00:56.878640,2613663,0.0,6.0
2021-07-30 06:00:57.035518,2613545,0.0,0.0
2021-07-30 06:00:57.035518,2613663,0.0,6.0
2021-07-30 06:00:57.192378,2613545,0.0,0.0
2021-07-30 06:00:57.192378,2613663,0.0,6.0
2021-07-30 06:00:57.348434,2613545,0.0,0.0
2021-07-30 06:00:57.348434,2613663,0.0,6.0
2021-07-30 06:00:57.505143,2613545,0.0,0.0
2021-07-30 06:00:57.505143,2613663,0.0,6.0
2021-07-30 06:00:57.661653,2613545,0.0,0.0
2021-07-30 06:00:57.661653,2613663,0.0,6.0
2021-07-30 06:00:57.818120,2613545,0.0,0.0
2021-07-30 06:00:57.818120,2613663,0.0,6.0
2021-07-30 06:00:57.975042,2613545,0.0,0.0
2021-07-30 06:00:57.975042,2613663,0.0,6.0
2021-07-30 06:00:58.131672,2613545,0.0,0.0
2021-07-30 06:00:58.131672,2613663,0.0,6.0
2021-07-30 06:00:58.288777,2613545,0.0,0.0
2021-07-30 06:00:58.288777,2613663,0.0,6.0
2021-07-30 06:00:58.445499,2613545,0.0,0.0
2021-07-30 06:00:58.445499,2613663,0.0,6.0
2021-07-30 06:00:58.602075,2613545,0.0,0.0
2021-07-30 06:00:58.602075,2613663,0.0,6.0
2021-07-30 06:00:58.759346,2613545,0.0,0.0
2021-07-30 06:00:58.759346,2613663,0.0,6.0
2021-07-30 06:00:58.919400,2613545,0.0,0.0
2021-07-30 06:00:58.919400,2613663,0.0,6.0
2021-07-30 06:00:59.080165,2613545,0.0,0.0
2021-07-30 06:00:59.080165,2613663,0.0,6.0
2021-07-30 06:00:59.237536,2613545,0.0,0.0
2021-07-30 06:00:59.237536,2613663,0.0,6.0
2021-07-30 06:00:59.394184,2613545,0.0,0.0
2021-07-30 06:00:59.394184,2613663,0.0,6.0
2021-07-30 06:00:59.551687,2613545,0.0,0.0
2021-07-30 06:00:59.551687,2613663,0.0,6.0
2021-07-30 06:00:59.708136,2613545,0.0,0.0
2021-07-30 06:00:59.708136,2613663,0.0,6.0
2021-07-30 06:00:59.864270,2613545,0.0,0.0
2021-07-30 06:00:59.864270,2613663,0.0,6.0
2021-07-30 06:01:00.020316,2613545,0.0,0.0
2021-07-30 06:01:00.020316,2613663,0.0,6.0
2021-07-30 06:01:00.175599,2613545,0.0,0.0
2021-07-30 06:01:00.175599,2613663,0.0,6.0
2021-07-30 06:01:00.332172,2613545,0.0,0.0
2021-07-30 06:01:00.332172,2613663,0.0,6.0
2021-07-30 06:01:00.488955,2613545,0.0,0.0
2021-07-30 06:01:00.488955,2613663,0.0,6.0
2021-07-30 06:01:00.645497,2613545,0.0,0.0
2021-07-30 06:01:00.645497,2613663,0.0,6.0
2021-07-30 06:01:00.802941,2613545,0.0,0.0
2021-07-30 06:01:00.802941,2613663,0.0,6.0
2021-07-30 06:01:00.960876,2613545,0.0,0.0
2021-07-30 06:01:00.960876,2613663,0.0,6.0
2021-07-30 06:01:01.117749,2613545,0.0,0.0
2021-07-30 06:01:01.117749,2613663,0.0,6.0
2021-07-30 06:01:01.275011,2613545,0.0,0.0
2021-07-30 06:01:01.275011,2613663,0.0,6.0
2021-07-30 06:01:01.432586,2613545,0.0,0.0
2021-07-30 06:01:01.432586,2613663,0.0,6.0
2021-07-30 06:01:01.589366,2613545,0.0,0.0
2021-07-30 06:01:01.589366,2613663,0.0,6.0
2021-07-30 06:01:01.745978,2613545,0.0,0.0
2021-07-30 06:01:01.745978,2613663,0.0,6.0
2021-07-30 06:01:01.903467,2613545,0.0,0.0
2021-07-30 06:01:01.903467,2613663,0.0,6.0
2021-07-30 06:01:02.060357,2613545,0.0,0.0
2021-07-30 06:01:02.060357,2613663,0.0,6.0
2021-07-30 06:01:02.218041,2613545,0.0,0.0
2021-07-30 06:01:02.218041,2613663,0.0,6.0
2021-07-30 06:01:02.373908,2613545,0.0,0.0
2021-07-30 06:01:02.373908,2613663,0.0,6.0
2021-07-30 06:01:02.529755,2613545,0.0,0.0
2021-07-30 06:01:02.529755,2613663,0.0,6.0
2021-07-30 06:01:02.685218,2613545,0.0,0.0
2021-07-30 06:01:02.685218,2613663,0.0,6.0
2021-07-30 06:01:02.841304,2613545,0.0,0.0
2021-07-30 06:01:02.841304,2613663,0.0,6.0
2021-07-30 06:01:02.997420,2613545,0.0,0.0
2021-07-30 06:01:02.997420,2613663,0.0,6.0
2021-07-30 06:01:03.152637,2613545,0.0,0.0
2021-07-30 06:01:03.152637,2613663,0.0,6.0
2021-07-30 06:01:03.308621,2613545,0.0,0.0
2021-07-30 06:01:03.308621,2613663,0.0,6.0
2021-07-30 06:01:03.464193,2613545,0.0,0.0
2021-07-30 06:01:03.464193,2613663,0.0,6.0
2021-07-30 06:01:03.620113,2613545,0.0,0.0
2021-07-30 06:01:03.620113,2613663,0.0,6.0
2021-07-30 06:01:03.775788,2613545,0.0,0.0
2021-07-30 06:01:03.775788,2613663,0.0,6.0
2021-07-30 06:01:03.932149,2613545,0.0,0.0
2021-07-30 06:01:03.932149,2613663,0.0,6.0
2021-07-30 06:01:04.087909,2613545,0.0,0.0
2021-07-30 06:01:04.087909,2613663,0.0,6.0
2021-07-30 06:01:04.243598,2613545,0.0,0.0
2021-07-30 06:01:04.243598,2613663,0.0,6.0
2021-07-30 06:01:04.400321,2613545,0.0,0.0
2021-07-30 06:01:04.400321,2613663,0.0,6.0
2021-07-30 06:01:04.557149,2613545,0.0,0.0
2021-07-30 06:01:04.557149,2613663,0.0,6.0
2021-07-30 06:01:04.714550,2613545,0.0,0.0
2021-07-30 06:01:04.714550,2613663,0.0,6.0
2021-07-30 06:01:04.871968,2613545,0.0,0.0
2021-07-30 06:01:04.871968,2613663,0.0,6.0
2021-07-30 06:01:05.029613,2613545,0.0,0.0
2021-07-30 06:01:05.029613,2613663,0.0,6.0
2021-07-30 06:01:05.186399,2613545,0.0,0.0
2021-07-30 06:01:05.186399,2613663,0.0,6.0
2021-07-30 06:01:05.345416,2613545,0.0,0.0
2021-07-30 06:01:05.345416,2613663,0.0,6.0
2021-07-30 06:01:05.502253,2613545,0.0,0.0
2021-07-30 06:01:05.502253,2613663,0.0,6.0
2021-07-30 06:01:05.658971,2613545,0.0,0.0
2021-07-30 06:01:05.658971,2613663,0.0,6.0
2021-07-30 06:01:05.816088,2613545,0.0,0.0
2021-07-30 06:01:05.816088,2613663,0.0,6.0
2021-07-30 06:01:05.973119,2613545,0.0,0.0
2021-07-30 06:01:05.973119,2613663,0.0,6.0
2021-07-30 06:01:06.129540,2613545,0.0,0.0
2021-07-30 06:01:06.129540,2613663,0.0,6.0
2021-07-30 06:01:06.284736,2613545,0.0,0.0
2021-07-30 06:01:06.284736,2613663,0.0,6.0
2021-07-30 06:01:06.440495,2613545,0.0,0.0
2021-07-30 06:01:06.440495,2613663,0.0,6.0
2021-07-30 06:01:06.596140,2613545,0.0,0.0
2021-07-30 06:01:06.596140,2613663,0.0,6.0
2021-07-30 06:01:06.751840,2613545,0.0,0.0
2021-07-30 06:01:06.751840,2613663,0.0,6.0
2021-07-30 06:01:06.907445,2613545,0.0,0.0
2021-07-30 06:01:06.907445,2613663,0.0,6.0
2021-07-30 06:01:07.063080,2613545,0.0,0.0
2021-07-30 06:01:07.063080,2613663,0.0,6.0
2021-07-30 06:01:07.218544,2613545,0.0,0.0
2021-07-30 06:01:07.218544,2613663,0.0,6.0
2021-07-30 06:01:07.374211,2613545,0.0,0.0
2021-07-30 06:01:07.374211,2613663,0.0,6.0
2021-07-30 06:01:07.529673,2613545,0.0,0.0
2021-07-30 06:01:07.529673,2613663,0.0,6.0
2021-07-30 06:01:07.685291,2613545,0.0,0.0
2021-07-30 06:01:07.685291,2613663,0.0,6.0
2021-07-30 06:01:07.841756,2613545,0.0,0.0
2021-07-30 06:01:07.841756,2613663,0.0,6.0
2021-07-30 06:01:07.997526,2613545,0.0,0.0
2021-07-30 06:01:07.997526,2613663,0.0,6.0
2021-07-30 06:01:08.153221,2613545,0.0,0.0
2021-07-30 06:01:08.153221,2613663,0.0,6.0
2021-07-30 06:01:08.310925,2613545,0.0,0.0
2021-07-30 06:01:08.310925,2613663,0.0,6.0
2021-07-30 06:01:08.466670,2613545,0.0,0.0
2021-07-30 06:01:08.466670,2613663,0.0,6.0
2021-07-30 06:01:08.623502,2613663,6.7,6.0
2021-07-30 06:01:08.623502,2613545,0.0,0.0
2021-07-30 06:01:08.779413,2613545,0.0,0.0
2021-07-30 06:01:08.779413,2613663,0.0,6.0
2021-07-30 06:01:08.936244,2613545,0.0,0.0
2021-07-30 06:01:08.936244,2613663,0.0,6.0
2021-07-30 06:01:09.092232,2613545,0.0,0.0
2021-07-30 06:01:09.092232,2613663,0.0,6.0
2021-07-30 06:01:09.248619,2613545,0.0,0.0
2021-07-30 06:01:09.248619,2613663,0.0,6.0
2021-07-30 06:01:09.405292,2613545,0.0,0.0
2021-07-30 06:01:09.405292,2613663,0.0,6.0
2021-07-30 06:01:09.561048,2613545,0.0,0.0
2021-07-30 06:01:09.561048,2613663,0.0,6.0
2021-07-30 06:01:09.717262,2613545,0.0,0.0
2021-07-30 06:01:09.717262,2613663,0.0,6.0
2021-07-30 06:01:09.875030,2613545,0.0,0.0
2021-07-30 06:01:09.875030,2613663,0.0,6.0
2021-07-30 06:01:10.031724,2613545,0.0,0.0
2021-07-30 06:01:10.031724,2613663,0.0,6.0
2021-07-30 06:01:10.188965,2613545,0.0,0.0
2021-07-30 06:01:10.188965,2613663,0.0,6.0
2021-07-30 06:01:10.345492,2613545,0.0,0.0
2021-07-30 06:01:10.345492,2613663,0.0,6.0
2021-07-30 06:01:10.502414,2613545,0.0,0.0
2021-07-30 06:01:10.502414,2613663,0.0,6.0
2021-07-30 06:01:10.659347,2613545,0.0,0.0
2021-07-30 06:01:10.659347,2613663,0.0,6.0
2021-07-30 06:01:10.816650,2613545,0.0,0.0
2021-07-30 06:01:10.816650,2613663,0.0,6.0
2021-07-30 06:01:10.973797,2613545,0.0,0.0
2021-07-30 06:01:10.973797,2613663,0.0,6.0
2021-07-30 06:01:11.132067,2613545,0.0,0.0
2021-07-30 06:01:11.132067,2613663,0.0,6.0
2021-07-30 06:01:11.289331,2613545,0.0,0.0
2021-07-30 06:01:11.289331,2613663,0.0,6.0
2021-07-30 06:01:11.448198,2613545,0.0,0.0
2021-07-30 06:01:11.448198,2613663,0.0,6.0
2021-07-30 06:01:11.605357,2613545,0.0,0.0
2021-07-30 06:01:11.605357,2613663,0.0,6.0
2021-07-30 06:01:11.761752,2613545,0.0,0.0
2021-07-30 06:01:11.761752,2613663,0.0,6.0
2021-07-30 06:01:11.918193,2613545,0.0,0.0
2021-07-30 06:01:11.918193,2613663,0.0,6.0
2021-07-30 06:01:12.077669,2613545,0.0,0.0
2021-07-30 06:01:12.077669,2613663,0.0,6.0
2021-07-30 06:01:12.234993,2613545,0.0,0.0
2021-07-30 06:01:12.234993,2613663,0.0,6.0
2021-07-30 06:01:12.392718,2613545,0.0,0.0
2021-07-30 06:01:12.392718,2613663,0.0,6.0
2021-07-30 06:01:12.549491,2613545,0.0,0.0
2021-07-30 06:01:12.549491,2613663,0.0,6.0
2021-07-30 06:01:12.705842,2613545,0.0,0.0
2021-07-30 06:01:12.705842,2613663,0.0,6.0
2021-07-30 06:01:12.861823,2613545,0.0,0.0
2021-07-30 06:01:12.861823,2613663,0.0,6.0
2021-07-30 06:01:13.016984,2613545,0.0,0.0
2021-07-30 06:01:13.016984,2613663,0.0,6.0
2021-07-30 06:01:13.172599,2613545,0.0,0.0
2021-07-30 06:01:13.172599,2613663,0.0,6.0
2021-07-30 06:01:13.327523,2613545,0.0,0.0
2021-07-30 06:01:13.327523,2613663,0.0,6.0
2021-07-30 06:01:13.483412,2613545,0.0,0.0
2021-07-30 06:01:13.483412,2613663,0.0,6.0
2021-07-30 06:01:13.639162,2613545,0.0,0.0
2021-07-30 06:01:13.639162,2613663,0.0,6.0
2021-07-30 06:01:13.795001,2613545,0.0,0.0
2021-07-30 06:01:13.795001,2613663,0.0,6.0
2021-07-30 06:01:13.950802,2613545,0.0,0.0
2021-07-30 06:01:13.950802,2613663,0.0,6.0
2021-07-30 06:01:14.106883,2613545,0.0,0.0
2021-07-30 06:01:14.106883,2613663,0.0,6.0
2021-07-30 06:01:14.262958,2613545,0.0,0.0
2021-07-30 06:01:14.262958,2613663,0.0,6.0
2021-07-30 06:01:14.418870,2613545,0.0,0.0
2021-07-30 06:01:14.418870,2613663,0.0,6.0
2021-07-30 06:01:14.574551,2613545,0.0,0.0
2021-07-30 06:01:14.574551,2613663,0.0,6.0
2021-07-30 06:01:14.730157,2613545,0.0,0.0
2021-07-30 06:01:14.730157,2613663,0.0,6.0
2021-07-30 06:01:14.885743,2613545,0.0,0.0
2021-07-30 06:01:14.885743,2613663,0.0,6.0
2021-07-30 06:01:15.041071,2613545,0.0,0.0
2021-07-30 06:01:15.041071,2613663,0.0,6.0
2021-07-30 06:01:15.197040,2613545,0.0,0.0
2021-07-30 06:01:15.197040,2613663,0.0,6.0
2021-07-30 06:01:15.352875,2613545,0.0,0.0
2021-07-30 06:01:15.352875,2613663,0.0,6.0
2021-07-30 06:01:15.508982,2613545,0.0,0.0
2021-07-30 06:01:15.508982,2613663,0.0,6.0
2021-07-30 06:01:15.664122,2613545,0.0,0.0
2021-07-30 06:01:15.664122,2613663,0.0,6.0
2021-07-30 06:01:15.820227,2613545,0.0,0.0
2021-07-30 06:01:15.820227,2613663,0.0,6.0
2021-07-30 06:01:15.976171,2613545,0.0,0.0
2021-07-30 06:01:15.976171,2613663,0.0,6.0
2021-07-30 06:01:16.132003,2613545,0.0,0.0
2021-07-30 06:01:16.132003,2613663,0.0,6.0
2021-07-30 06:01:16.287115,2613545,0.0,0.0
2021-07-30 06:01:16.287115,2613663,0.0,6.0
2021-07-30 06:01:16.443283,2613545,0.0,0.0
2021-07-30 06:01:16.443283,2613663,0.0,6.0
2021-07-30 06:01:16.599932,2613545,0.0,0.0
2021-07-30 06:01:16.599932,2613663,0.0,6.0
2021-07-30 06:01:16.755732,2613545,0.0,0.0
2021-07-30 06:01:16.755732,2613663,0.0,6.0
2021-07-30 06:01:16.912218,2613545,0.0,0.0
2021-07-30 06:01:16.912218,2613663,0.0,6.0
2021-07-30 06:01:17.068151,2613545,0.0,0.0
2021-07-30 06:01:17.068151,2613663,0.0,6.0
2021-07-30 06:01:17.224611,2613545,0.0,0.0
2021-07-30 06:01:17.224611,2613663,0.0,6.0
2021-07-30 06:01:17.380306,2613545,0.0,0.0
2021-07-30 06:01:17.380306,2613663,0.0,6.0
2021-07-30 06:01:17.536146,2613545,0.0,0.0
2021-07-30 06:01:17.536146,2613663,0.0,6.0
2021-07-30 06:01:17.691935,2613545,0.0,0.0
2021-07-30 06:01:17.691935,2613663,0.0,6.0
2021-07-30 06:01:17.847795,2613545,0.0,0.0
2021-07-30 06:01:17.847795,2613663,0.0,6.0
2021-07-30 06:01:18.003622,2613545,0.0,0.0
2021-07-30 06:01:18.003622,2613663,0.0,6.0
2021-07-30 06:01:18.159590,2613545,0.0,0.0
2021-07-30 06:01:18.159590,2613663,0.0,6.0
2021-07-30 06:01:18.315700,2613545,0.0,0.0
2021-07-30 06:01:18.315700,2613663,0.0,6.0
2021-07-30 06:01:18.473740,2613545,0.0,0.0
2021-07-30 06:01:18.473740,2613663,0.0,6.0
2021-07-30 06:01:18.631553,2613545,0.0,0.0
2021-07-30 06:01:18.631553,2613663,0.0,6.0
2021-07-30 06:01:18.788624,2613545,0.0,0.0
2021-07-30 06:01:18.788624,2613663,0.0,6.0
2021-07-30 06:01:18.945378,2613545,0.0,0.0
2021-07-30 06:01:18.945378,2613663,0.0,6.0
2021-07-30 06:01:19.102609,2613545,0.0,0.0
2021-07-30 06:01:19.102609,2613663,0.0,6.0
2021-07-30 06:01:19.259179,2613545,0.0,0.0
2021-07-30 06:01:19.259179,2613663,0.0,6.0
2021-07-30 06:01:19.415629,2613545,0.0,0.0
2021-07-30 06:01:19.415629,2613663,0.0,6.0
2021-07-30 06:01:19.572737,2613545,0.0,0.0
2021-07-30 06:01:19.572737,2613663,0.0,6.0
2021-07-30 06:01:19.731020,2613545,0.0,0.0
2021-07-30 06:01:19.731020,2613663,0.0,6.0
2021-07-30 06:01:19.889275,2613545,0.0,0.0
2021-07-30 06:01:19.889275,2613663,0.0,6.0
2021-07-30 06:01:20.046021,2613545,0.0,0.0
2021-07-30 06:01:20.046021,2613663,0.0,6.0
2021-07-30 06:01:20.204915,2613545,0.0,0.0
2021-07-30 06:01:20.204915,2613663,0.0,6.0
2021-07-30 06:01:20.361947,2613545,0.0,0.0
2021-07-30 06:01:20.361947,2613663,0.0,6.0
2021-07-30 06:01:20.518595,2613545,0.0,0.0
2021-07-30 06:01:20.518595,2613663,0.0,6.0
2021-07-30 06:01:20.677208,2613545,0.0,0.0
2021-07-30 06:01:20.677208,2613663,0.0,6.0
2021-07-30 06:01:20.833764,2613545,0.0,0.0
2021-07-30 06:01:20.833764,2613663,0.0,6.0
2021-07-30 06:01:20.991106,2613545,0.0,0.0
2021-07-30 06:01:20.991106,2613663,0.0,6.0
2021-07-30 06:01:21.148986,2613545,0.0,0.0
2021-07-30 06:01:21.148986,2613663,0.0,6.0
2021-07-30 06:01:21.305728,2613545,0.0,0.0
2021-07-30 06:01:21.305728,2613663,0.0,6.0
2021-07-30 06:01:21.463704,2613545,0.0,0.0
2021-07-30 06:01:21.463704,2613663,0.0,6.0
2021-07-30 06:01:21.620316,2613545,0.0,0.0
2021-07-30 06:01:21.620316,2613663,0.0,6.0
2021-07-30 06:01:21.776524,2613545,0.0,0.0
2021-07-30 06:01:21.776524,2613663,0.0,6.0
2021-07-30 06:01:21.932321,2613545,0.0,0.0
2021-07-30 06:01:21.932321,2613663,0.0,6.0
2021-07-30 06:01:22.087064,2613545,0.0,0.0
2021-07-30 06:01:22.087064,2613663,0.0,6.0
2021-07-30 06:01:22.242846,2613545,0.0,0.0
2021-07-30 06:01:22.242846,2613663,0.0,6.0
2021-07-30 06:01:22.398352,2613545,0.0,0.0
2021-07-30 06:01:22.398352,2613663,0.0,6.0
2021-07-30 06:01:22.553900,2613545,0.0,0.0
2021-07-30 06:01:22.553900,2613663,0.0,6.0
2021-07-30 06:01:22.709092,2613545,0.0,0.0
2021-07-30 06:01:22.709092,2613663,0.0,6.0
2021-07-30 06:01:22.865133,2613545,0.0,0.0
2021-07-30 06:01:22.865133,2613663,0.0,6.0
2021-07-30 06:01:23.020892,2613545,0.0,0.0
2021-07-30 06:01:23.020892,2613663,0.0,6.0
2021-07-30 06:01:23.176793,2613545,0.0,0.0
2021-07-30 06:01:23.176793,2613663,0.0,6.0
2021-07-30 06:01:23.332153,2613545,0.0,0.0
2021-07-30 06:01:23.332153,2613663,0.0,6.0
2021-07-30 06:01:23.487950,2613545,0.0,0.0
2021-07-30 06:01:23.487950,2613663,0.0,6.0
2021-07-30 06:01:23.642693,2613545,0.0,0.0
2021-07-30 06:01:23.642693,2613663,0.0,6.0
2021-07-30 06:01:23.797382,2613545,0.0,0.0
2021-07-30 06:01:23.797382,2613663,0.0,6.0
2021-07-30 06:01:23.952057,2613545,0.0,0.0
2021-07-30 06:01:23.952057,2613663,0.0,6.0
2021-07-30 06:01:24.107621,2613545,0.0,0.0
2021-07-30 06:01:24.107621,2613663,0.0,6.0
2021-07-30 06:01:24.263176,2613545,0.0,0.0
2021-07-30 06:01:24.263176,2613663,0.0,6.0
2021-07-30 06:01:24.418363,2613545,0.0,0.0
2021-07-30 06:01:24.418363,2613663,0.0,6.0
2021-07-30 06:01:24.573190,2613545,0.0,0.0
2021-07-30 06:01:24.573190,2613663,0.0,6.0
2021-07-30 06:01:24.728844,2613545,0.0,0.0
2021-07-30 06:01:24.728844,2613663,0.0,6.0
2021-07-30 06:01:24.883551,2613545,0.0,0.0
2021-07-30 06:01:24.883551,2613663,0.0,6.0
2021-07-30 06:01:25.039022,2613545,0.0,0.0
2021-07-30 06:01:25.039022,2613663,0.0,6.0
2021-07-30 06:01:25.195118,2613545,0.0,0.0
2021-07-30 06:01:25.195118,2613663,0.0,6.0
2021-07-30 06:01:25.350920,2613545,0.0,0.0
2021-07-30 06:01:25.350920,2613663,0.0,6.0
2021-07-30 06:01:25.505963,2613545,0.0,0.0
2021-07-30 06:01:25.505963,2613663,0.0,6.0
2021-07-30 06:01:25.660791,2613545,0.0,0.0
2021-07-30 06:01:25.660791,2613663,0.0,6.0
2021-07-30 06:01:25.815650,2613545,0.0,0.0
2021-07-30 06:01:25.815650,2613663,0.0,6.0
2021-07-30 06:01:25.971294,2613545,0.0,0.0
2021-07-30 06:01:25.971294,2613663,0.0,6.0
2021-07-30 06:01:26.126059,2613545,0.0,0.0
2021-07-30 06:01:26.126059,2613663,0.0,6.0
2021-07-30 06:01:26.281868,2613545,0.0,0.0
2021-07-30 06:01:26.281868,2613663,0.0,6.0
2021-07-30 06:01:26.436975,2613545,0.0,0.0
2021-07-30 06:01:26.436975,2613663,0.0,6.0
2021-07-30 06:01:26.593066,2613545,0.0,0.0
2021-07-30 06:01:26.593066,2613663,0.0,6.0
2021-07-30 06:01:26.750248,2613545,0.0,0.0
2021-07-30 06:01:26.750248,2613663,0.0,6.0
2021-07-30 06:01:26.907152,2613545,0.0,0.0
2021-07-30 06:01:26.907152,2613663,0.0,6.0
2021-07-30 06:01:27.063175,2613545,0.0,0.0
2021-07-30 06:01:27.063175,2613663,0.0,6.0
2021-07-30 06:01:27.219382,2613545,0.0,0.0
2021-07-30 06:01:27.219382,2613663,0.0,6.0
2021-07-30 06:01:27.376101,2613545,0.0,0.0
2021-07-30 06:01:27.376101,2613663,0.0,6.0
2021-07-30 06:01:27.532793,2613545,0.0,0.0
2021-07-30 06:01:27.532793,2613663,0.0,6.0
2021-07-30 06:01:27.689530,2613545,0.0,0.0
2021-07-30 06:01:27.689530,2613663,0.0,6.0
2021-07-30 06:01:27.845936,2613545,0.0,0.0
2021-07-30 06:01:27.845936,2613663,0.0,6.0
2021-07-30 06:01:28.002639,2613545,0.0,0.0
2021-07-30 06:01:28.002639,2613663,0.0,6.0
2021-07-30 06:01:28.159157,2613545,0.0,0.0
2021-07-30 06:01:28.159157,2613663,0.0,6.0
2021-07-30 06:01:28.315603,2613545,0.0,0.0
2021-07-30 06:01:28.315603,2613663,0.0,6.0
2021-07-30 06:01:28.471451,2613545,0.0,0.0
2021-07-30 06:01:28.471451,2613663,0.0,6.0
2021-07-30 06:01:28.627859,2613545,0.0,0.0
2021-07-30 06:01:28.627859,2613663,0.0,6.0
2021-07-30 06:01:28.783685,2613545,0.0,0.0
2021-07-30 06:01:28.783685,2613663,0.0,6.0
2021-07-30 06:01:28.940225,2613545,0.0,0.0
2021-07-30 06:01:28.940225,2613663,0.0,6.0
2021-07-30 06:01:29.096205,2613545,0.0,0.0
2021-07-30 06:01:29.096205,2613663,0.0,6.0
2021-07-30 06:01:29.252554,2613545,0.0,0.0
2021-07-30 06:01:29.252554,2613663,0.0,6.0
2021-07-30 06:01:29.409698,2613545,0.0,0.0
2021-07-30 06:01:29.409698,2613663,0.0,6.0
2021-07-30 06:01:29.566606,2613545,0.0,0.0
2021-07-30 06:01:29.566606,2613663,0.0,6.0
2021-07-30 06:01:29.724181,2613545,0.0,0.0
2021-07-30 06:01:29.724181,2613663,0.0,6.0
2021-07-30 06:01:29.881965,2613545,0.0,0.0
2021-07-30 06:01:29.881965,2613663,0.0,6.0
2021-07-30 06:01:30.038871,2613545,0.0,0.0
2021-07-30 06:01:30.038871,2613663,0.0,6.0
2021-07-30 06:01:30.196645,2613545,0.0,0.0
2021-07-30 06:01:30.196645,2613663,0.0,6.0
2021-07-30 06:01:30.354046,2613545,0.0,0.0
2021-07-30 06:01:30.354046,2613663,0.0,6.0
2021-07-30 06:01:30.510751,2613545,0.0,0.0
2021-07-30 06:01:30.510751,2613663,0.0,6.0
2021-07-30 06:01:30.667971,2613545,0.0,0.0
2021-07-30 06:01:30.667971,2613663,0.0,6.0
2021-07-30 06:01:30.825409,2613545,0.0,0.0
2021-07-30 06:01:30.825409,2613663,0.0,6.0
2021-07-30 06:01:30.982140,2613545,0.0,0.0
2021-07-30 06:01:30.982140,2613663,0.0,6.0
2021-07-30 06:01:31.139741,2613545,0.0,0.0
2021-07-30 06:01:31.139741,2613663,0.0,6.0
2021-07-30 06:01:31.299159,2613545,0.0,0.0
2021-07-30 06:01:31.299159,2613663,0.0,6.0
2021-07-30 06:01:31.456587,2613545,0.0,0.0
2021-07-30 06:01:31.456587,2613663,0.0,6.0
2021-07-30 06:01:31.613622,2613545,0.0,0.0
2021-07-30 06:01:31.613622,2613663,0.0,6.0
2021-07-30 06:01:31.770078,2613663,6.7,6.0
2021-07-30 06:01:31.770078,2613545,0.0,0.0
2021-07-30 06:01:31.926277,2613545,0.0,0.0
2021-07-30 06:01:31.926277,2613663,0.0,6.0
2021-07-30 06:01:32.083087,2613545,0.0,0.0
2021-07-30 06:01:32.083087,2613663,0.0,6.0
2021-07-30 06:01:32.239963,2613545,0.0,0.0
2021-07-30 06:01:32.239963,2613663,0.0,6.0
2021-07-30 06:01:32.397664,2613545,0.0,0.0
2021-07-30 06:01:32.397664,2613663,0.0,6.0
2021-07-30 06:01:32.558049,2613545,0.0,0.0
2021-07-30 06:01:32.558049,2613663,0.0,6.0
2021-07-30 06:01:32.714481,2613545,0.0,0.0
2021-07-30 06:01:32.714481,2613663,0.0,6.0
2021-07-30 06:01:32.871394,2613545,0.0,0.0
2021-07-30 06:01:32.871394,2613663,0.0,6.0
2021-07-30 06:01:33.027680,2613545,0.0,0.0
2021-07-30 06:01:33.027680,2613663,0.0,6.0
2021-07-30 06:01:33.185630,2613545,0.0,0.0
2021-07-30 06:01:33.185630,2613663,0.0,6.0
2021-07-30 06:01:33.345131,2613545,0.0,0.0
2021-07-30 06:01:33.345131,2613663,0.0,6.0
2021-07-30 06:01:33.502912,2613545,0.0,0.0
2021-07-30 06:01:33.502912,2613663,0.0,6.0
2021-07-30 06:01:33.660581,2613545,0.0,0.0
2021-07-30 06:01:33.660581,2613663,0.0,6.0
2021-07-30 06:01:33.818160,2613545,0.0,0.0
2021-07-30 06:01:33.818160,2613663,0.0,6.0
2021-07-30 06:01:33.975381,2613545,0.0,0.0
2021-07-30 06:01:33.975381,2613663,0.0,6.0
2021-07-30 06:01:34.132970,2613545,0.0,0.0
2021-07-30 06:01:34.132970,2613663,0.0,6.0
2021-07-30 06:01:34.289689,2613545,0.0,0.0
2021-07-30 06:01:34.289689,2613663,0.0,6.0
2021-07-30 06:01:34.447098,2613545,0.0,0.0
2021-07-30 06:01:34.447098,2613663,0.0,6.0
2021-07-30 06:01:34.604380,2613545,0.0,0.0
2021-07-30 06:01:34.604380,2613663,0.0,6.0
2021-07-30 06:01:34.761283,2613545,0.0,0.0
2021-07-30 06:01:34.761283,2613663,0.0,6.0
2021-07-30 06:01:34.919236,2613545,0.0,0.0
2021-07-30 06:01:34.919236,2613663,0.0,6.0
2021-07-30 06:01:35.081442,2613545,0.0,0.0
2021-07-30 06:01:35.081442,2613663,0.0,6.0
2021-07-30 06:01:35.238913,2613545,0.0,0.0
2021-07-30 06:01:35.238913,2613663,0.0,6.0
2021-07-30 06:01:35.395716,2613545,0.0,0.0
2021-07-30 06:01:35.395716,2613663,0.0,6.0
2021-07-30 06:01:35.552647,2613545,0.0,0.0
2021-07-30 06:01:35.552647,2613663,0.0,6.0
2021-07-30 06:01:35.709182,2613545,0.0,0.0
2021-07-30 06:01:35.709182,2613663,0.0,6.0
2021-07-30 06:01:35.874120,2613545,0.0,0.0
2021-07-30 06:01:35.874120,2613663,0.0,6.0
2021-07-30 06:01:36.030758,2613545,0.0,0.0
2021-07-30 06:01:36.030758,2613663,0.0,6.0
2021-07-30 06:01:36.189296,2613545,0.0,0.0
2021-07-30 06:01:36.189296,2613663,0.0,6.0
2021-07-30 06:01:36.350743,2613545,0.0,0.0
2021-07-30 06:01:36.350743,2613663,0.0,6.0
2021-07-30 06:01:36.507474,2613545,0.0,0.0
2021-07-30 06:01:36.507474,2613663,0.0,6.0
2021-07-30 06:01:36.665088,2613545,0.0,0.0
2021-07-30 06:01:36.665088,2613663,0.0,6.0
2021-07-30 06:01:36.826302,2613545,0.0,0.0
2021-07-30 06:01:36.826302,2613663,0.0,6.0
2021-07-30 06:01:36.983991,2613545,0.0,0.0
2021-07-30 06:01:36.983991,2613663,0.0,6.0
2021-07-30 06:01:37.141806,2613545,0.0,0.0
2021-07-30 06:01:37.141806,2613663,0.0,6.0
2021-07-30 06:01:37.303608,2613545,0.0,0.0
2021-07-30 06:01:37.303608,2613663,0.0,6.0
2021-07-30 06:01:37.460898,2613545,0.0,0.0
2021-07-30 06:01:37.460898,2613663,0.0,6.0
2021-07-30 06:01:37.618966,2613545,0.0,0.0
2021-07-30 06:01:37.618966,2613663,0.0,6.0
2021-07-30 06:01:37.780678,2613545,0.0,0.0
2021-07-30 06:01:37.780678,2613663,0.0,6.0
2021-07-30 06:01:37.937844,2613545,0.0,0.0
2021-07-30 06:01:37.937844,2613663,0.0,6.0
2021-07-30 06:01:38.095449,2613545,0.0,0.0
2021-07-30 06:01:38.095449,2613663,0.0,6.0
2021-07-30 06:01:38.255139,2613545,0.0,0.0
2021-07-30 06:01:38.255139,2613663,0.0,6.0
2021-07-30 06:01:38.411949,2613545,0.0,0.0
2021-07-30 06:01:38.411949,2613663,0.0,6.0
2021-07-30 06:01:38.570800,2613545,0.0,0.0
2021-07-30 06:01:38.570800,2613663,0.0,6.0
2021-07-30 06:01:38.732268,2613545,0.0,0.0
2021-07-30 06:01:38.732268,2613663,0.0,6.0
2021-07-30 06:01:38.889798,2613545,0.0,0.0
2021-07-30 06:01:38.889798,2613663,0.0,6.0
2021-07-30 06:01:39.047060,2613545,0.0,0.0
2021-07-30 06:01:39.047060,2613663,0.0,6.0
2021-07-30 06:01:39.205400,2613545,0.0,0.0
2021-07-30 06:01:39.205400,2613663,0.0,6.0
2021-07-30 06:01:39.367736,2613545,0.0,0.0
2021-07-30 06:01:39.367736,2613663,0.0,6.0
2021-07-30 06:01:39.523792,2613545,0.0,0.0
2021-07-30 06:01:39.523792,2613663,0.0,6.0
2021-07-30 06:01:39.687740,2613545,0.0,0.0
2021-07-30 06:01:39.687740,2613663,0.0,6.0
2021-07-30 06:01:39.847157,2613545,0.0,0.0
2021-07-30 06:01:39.847157,2613663,0.0,6.0
2021-07-30 06:01:40.005256,2613545,0.0,0.0
2021-07-30 06:01:40.005256,2613663,0.0,6.0
2021-07-30 06:01:40.161300,2613545,0.0,0.0
2021-07-30 06:01:40.161300,2613663,0.0,6.0
2021-07-30 06:01:40.319686,2613545,0.0,0.0
2021-07-30 06:01:40.319686,2613663,0.0,6.0
2021-07-30 06:01:40.483586,2613545,0.0,0.0
2021-07-30 06:01:40.483586,2613663,0.0,6.0
2021-07-30 06:01:40.639639,2613545,0.0,0.0
2021-07-30 06:01:40.639639,2613663,0.0,6.0
2021-07-30 06:01:40.796257,2613545,0.0,0.0
2021-07-30 06:01:40.796257,2613663,0.0,6.0
2021-07-30 06:01:40.954037,2613545,0.0,0.0
2021-07-30 06:01:40.954037,2613663,0.0,6.0
2021-07-30 06:01:41.116006,2613545,0.0,0.0
2021-07-30 06:01:41.116006,2613663,0.0,6.0
2021-07-30 06:01:41.271966,2613545,0.0,0.0
2021-07-30 06:01:41.271966,2613663,0.0,6.0
2021-07-30 06:01:41.427331,2613545,0.0,0.0
2021-07-30 06:01:41.427331,2613663,0.0,6.0
2021-07-30 06:01:41.582231,2613545,0.0,0.0
2021-07-30 06:01:41.582231,2613663,0.0,6.0
2021-07-30 06:01:41.737961,2613545,0.0,0.0
2021-07-30 06:01:41.737961,2613663,0.0,6.0
2021-07-30 06:01:41.893496,2613545,0.0,0.0
2021-07-30 06:01:41.893496,2613663,0.0,6.0
2021-07-30 06:01:42.048853,2613545,0.0,0.0
2021-07-30 06:01:42.048853,2613663,0.0,6.0
2021-07-30 06:01:42.204438,2613545,0.0,0.0
2021-07-30 06:01:42.204438,2613663,0.0,6.0
2021-07-30 06:01:42.359649,2613545,0.0,0.0
2021-07-30 06:01:42.359649,2613663,0.0,6.0
2021-07-30 06:01:42.515220,2613545,0.0,0.0
2021-07-30 06:01:42.515220,2613663,0.0,6.0
2021-07-30 06:01:42.670884,2613545,0.0,0.0
2021-07-30 06:01:42.670884,2613663,0.0,6.0
2021-07-30 06:01:42.826523,2613545,0.0,0.0
2021-07-30 06:01:42.826523,2613663,0.0,6.0
2021-07-30 06:01:42.982404,2613545,0.0,0.0
2021-07-30 06:01:42.982404,2613663,0.0,6.0
2021-07-30 06:01:43.138693,2613545,0.0,0.0
2021-07-30 06:01:43.138693,2613663,0.0,6.0
2021-07-30 06:01:43.294258,2613545,0.0,0.0
2021-07-30 06:01:43.294258,2613663,0.0,6.0
2021-07-30 06:01:43.449661,2613545,0.0,0.0
2021-07-30 06:01:43.449661,2613663,0.0,6.0
2021-07-30 06:01:43.605423,2613545,0.0,0.0
2021-07-30 06:01:43.605423,2613663,0.0,6.0
2021-07-30 06:01:43.761090,2613545,0.0,0.0
2021-07-30 06:01:43.761090,2613663,0.0,6.0
2021-07-30 06:01:43.916756,2613545,0.0,0.0
2021-07-30 06:01:43.916756,2613663,0.0,6.0
2021-07-30 06:01:44.071929,2613545,0.0,0.0
2021-07-30 06:01:44.071929,2613663,0.0,6.0
2021-07-30 06:01:44.227596,2613545,0.0,0.0
2021-07-30 06:01:44.227596,2613663,0.0,6.0
2021-07-30 06:01:44.383245,2613545,0.0,0.0
2021-07-30 06:01:44.383245,2613663,0.0,6.0
2021-07-30 06:01:44.538455,2613545,0.0,0.0
2021-07-30 06:01:44.538455,2613663,0.0,6.0
2021-07-30 06:01:44.694064,2613545,0.0,0.0
2021-07-30 06:01:44.694064,2613663,0.0,6.0
2021-07-30 06:01:44.849878,2613545,0.0,0.0
2021-07-30 06:01:44.849878,2613663,0.0,6.0
2021-07-30 06:01:45.004735,2613545,0.0,0.0
2021-07-30 06:01:45.004735,2613663,0.0,6.0
2021-07-30 06:01:45.159806,2613545,0.0,0.0
2021-07-30 06:01:45.159806,2613663,0.0,6.0
2021-07-30 06:01:45.315429,2613545,0.0,0.0
2021-07-30 06:01:45.315429,2613663,0.0,6.0
2021-07-30 06:01:45.471219,2613545,0.0,0.0
2021-07-30 06:01:45.471219,2613663,0.0,6.0
2021-07-30 06:01:45.626404,2613545,0.0,0.0
2021-07-30 06:01:45.626404,2613663,0.0,6.0
2021-07-30 06:01:45.782326,2613545,0.0,0.0
2021-07-30 06:01:45.782326,2613663,0.0,6.0
2021-07-30 06:01:45.937666,2613545,0.0,0.0
2021-07-30 06:01:45.937666,2613663,0.0,6.0
2021-07-30 06:01:46.092700,2613545,0.0,0.0
2021-07-30 06:01:46.092700,2613663,0.0,6.0
2021-07-30 06:01:46.248341,2613545,0.0,0.0
2021-07-30 06:01:46.248341,2613663,0.0,6.0
2021-07-30 06:01:46.403516,2613545,0.0,0.0
2021-07-30 06:01:46.403516,2613663,0.0,6.0
2021-07-30 06:01:46.559394,2613545,0.0,0.0
2021-07-30 06:01:46.559394,2613663,0.0,6.0
2021-07-30 06:01:46.715287,2613545,0.0,0.0
2021-07-30 06:01:46.715287,2613663,0.0,6.0
2021-07-30 06:01:46.871040,2613545,0.0,0.0
2021-07-30 06:01:46.871040,2613663,0.0,6.0
2021-07-30 06:01:47.027318,2613545,0.0,0.0
2021-07-30 06:01:47.027318,2613663,0.0,6.0
2021-07-30 06:01:47.184150,2613545,0.0,0.0
2021-07-30 06:01:47.184150,2613663,0.0,6.0
2021-07-30 06:01:47.349104,2613545,0.0,0.0
2021-07-30 06:01:47.349104,2613663,0.0,6.0
2021-07-30 06:01:47.505900,2613545,0.0,0.0
2021-07-30 06:01:47.505900,2613663,0.0,6.0
2021-07-30 06:01:47.661701,2613545,0.0,0.0
2021-07-30 06:01:47.661701,2613663,0.0,6.0
2021-07-30 06:01:47.817068,2613545,0.0,0.0
2021-07-30 06:01:47.817068,2613663,0.0,6.0
2021-07-30 06:01:47.973666,2613545,0.0,0.0
2021-07-30 06:01:47.973666,2613663,0.0,6.0
2021-07-30 06:01:48.128894,2613663,6.7,6.0
2021-07-30 06:01:48.128894,2613545,0.0,0.0
2021-07-30 06:01:48.284175,2613545,0.0,0.0
2021-07-30 06:01:48.284175,2613663,0.0,6.0
2021-07-30 06:01:48.440934,2613545,0.0,0.0
2021-07-30 06:01:48.440934,2613663,0.0,6.0
2021-07-30 06:01:48.596893,2613545,0.0,0.0
2021-07-30 06:01:48.596893,2613663,0.0,6.0
2021-07-30 06:01:48.753192,2613545,0.0,0.0
2021-07-30 06:01:48.753192,2613663,0.0,6.0
2021-07-30 06:01:48.908114,2613545,0.0,0.0
2021-07-30 06:01:48.908114,2613663,0.0,6.0
2021-07-30 06:01:49.063526,2613545,0.0,0.0
2021-07-30 06:01:49.063526,2613663,0.0,6.0
2021-07-30 06:01:49.219575,2613545,0.0,0.0
2021-07-30 06:01:49.219575,2613663,0.0,6.0
2021-07-30 06:01:49.376058,2613545,0.0,0.0
2021-07-30 06:01:49.376058,2613663,0.0,6.0
2021-07-30 06:01:49.532562,2613545,0.0,0.0
2021-07-30 06:01:49.532562,2613663,0.0,6.0
2021-07-30 06:01:49.688490,2613545,0.0,0.0
2021-07-30 06:01:49.688490,2613663,0.0,6.0
2021-07-30 06:01:49.844739,2613545,0.0,0.0
2021-07-30 06:01:49.844739,2613663,0.0,6.0
2021-07-30 06:01:50.000551,2613545,0.0,0.0
2021-07-30 06:01:50.000551,2613663,0.0,6.0
2021-07-30 06:01:50.156791,2613545,0.0,0.0
2021-07-30 06:01:50.156791,2613663,0.0,6.0
2021-07-30 06:01:50.312099,2613545,0.0,0.0
2021-07-30 06:01:50.312099,2613663,0.0,6.0
2021-07-30 06:01:50.468078,2613545,0.0,0.0
2021-07-30 06:01:50.468078,2613663,0.0,6.0
2021-07-30 06:01:50.624020,2613545,0.0,0.0
2021-07-30 06:01:50.624020,2613663,0.0,6.0
2021-07-30 06:01:50.778803,2613545,0.0,0.0
2021-07-30 06:01:50.778803,2613663,0.0,6.0
2021-07-30 06:01:50.934618,2613545,0.0,0.0
2021-07-30 06:01:50.934618,2613663,0.0,6.0
2021-07-30 06:01:51.090351,2613545,0.0,0.0
2021-07-30 06:01:51.090351,2613663,0.0,6.0
2021-07-30 06:01:51.245841,2613545,0.0,0.0
2021-07-30 06:01:51.245841,2613663,0.0,6.0
2021-07-30 06:01:51.401484,2613545,0.0,0.0
2021-07-30 06:01:51.401484,2613663,0.0,6.0
2021-07-30 06:01:51.557783,2613545,0.0,0.0
2021-07-30 06:01:51.557783,2613663,0.0,6.0
2021-07-30 06:01:51.713759,2613545,0.0,0.0
2021-07-30 06:01:51.713759,2613663,0.0,6.0
2021-07-30 06:01:51.868894,2613545,0.0,0.0
2021-07-30 06:01:51.868894,2613663,0.0,6.0
2021-07-30 06:01:52.024382,2613545,0.0,0.0
2021-07-30 06:01:52.024382,2613663,0.0,6.0
2021-07-30 06:01:52.180179,2613545,0.0,0.0
2021-07-30 06:01:52.180179,2613663,0.0,6.0
2021-07-30 06:01:52.335806,2613545,0.0,0.0
2021-07-30 06:01:52.335806,2613663,0.0,6.0
2021-07-30 06:01:52.492241,2613545,0.0,0.0
2021-07-30 06:01:52.492241,2613663,0.0,6.0
2021-07-30 06:01:52.648578,2613545,0.0,0.0
2021-07-30 06:01:52.648578,2613663,0.0,6.0
2021-07-30 06:01:52.804970,2613545,0.0,0.0
2021-07-30 06:01:52.804970,2613663,0.0,6.0
2021-07-30 06:01:52.962853,2613545,0.0,0.0
2021-07-30 06:01:52.962853,2613663,0.0,6.0
2021-07-30 06:01:53.121046,2613545,0.0,0.0
2021-07-30 06:01:53.121046,2613663,0.0,6.0
2021-07-30 06:01:53.278164,2613545,0.0,0.0
2021-07-30 06:01:53.278164,2613663,0.0,6.0
2021-07-30 06:01:53.437439,2613545,0.0,0.0
2021-07-30 06:01:53.437439,2613663,0.0,6.0
2021-07-30 06:01:53.594851,2613545,0.0,0.0
2021-07-30 06:01:53.594851,2613663,0.0,6.0
2021-07-30 06:01:53.751825,2613545,0.0,0.0
2021-07-30 06:01:53.751825,2613663,0.0,6.0
2021-07-30 06:01:53.909243,2613545,0.0,0.0
2021-07-30 06:01:53.909243,2613663,0.0,6.0
2021-07-30 06:01:54.067205,2613545,0.0,0.0
2021-07-30 06:01:54.067205,2613663,0.0,6.0
2021-07-30 06:01:54.223930,2613545,0.0,0.0
2021-07-30 06:01:54.223930,2613663,0.0,6.0
2021-07-30 06:01:54.380934,2613545,0.0,0.0
2021-07-30 06:01:54.380934,2613663,0.0,6.0
2021-07-30 06:01:54.536992,2613545,0.0,0.0
2021-07-30 06:01:54.536992,2613663,0.0,6.0
2021-07-30 06:01:54.694560,2613545,0.0,0.0
2021-07-30 06:01:54.694560,2613663,0.0,6.0
2021-07-30 06:01:54.852351,2613545,0.0,0.0
2021-07-30 06:01:54.852351,2613663,0.0,6.0
2021-07-30 06:01:55.013696,2613545,0.0,0.0
2021-07-30 06:01:55.013696,2613663,0.0,6.0
2021-07-30 06:01:55.171099,2613545,0.0,0.0
2021-07-30 06:01:55.171099,2613663,0.0,6.0
2021-07-30 06:01:55.327846,2613545,0.0,0.0
2021-07-30 06:01:55.327846,2613663,0.0,6.0
2021-07-30 06:01:55.486517,2613545,0.0,0.0
2021-07-30 06:01:55.486517,2613663,0.0,6.0
2021-07-30 06:01:55.649484,2613545,0.0,0.0
2021-07-30 06:01:55.649484,2613663,0.0,6.0
2021-07-30 06:01:55.807032,2613545,0.0,0.0
2021-07-30 06:01:55.807032,2613663,0.0,6.0
2021-07-30 06:01:55.964414,2613545,0.0,0.0
2021-07-30 06:01:55.964414,2613663,0.0,6.0
2021-07-30 06:01:56.121579,2613545,0.0,0.0
2021-07-30 06:01:56.121579,2613663,0.0,6.0
2021-07-30 06:01:56.278597,2613545,0.0,0.0
2021-07-30 06:01:56.278597,2613663,0.0,6.0
2021-07-30 06:01:56.435293,2613545,0.0,0.0
2021-07-30 06:01:56.435293,2613663,0.0,6.0
2021-07-30 06:01:56.592103,2613545,0.0,0.0
2021-07-30 06:01:56.592103,2613663,0.0,6.0
2021-07-30 06:01:56.748707,2613545,0.0,0.0
2021-07-30 06:01:56.748707,2613663,0.0,6.0
2021-07-30 06:01:56.906848,2613545,0.0,0.0
2021-07-30 06:01:56.906848,2613663,0.0,6.0
2021-07-30 06:01:57.070281,2613545,0.0,0.0
2021-07-30 06:01:57.070281,2613663,0.0,6.0
2021-07-30 06:01:57.227858,2613545,0.0,0.0
2021-07-30 06:01:57.227858,2613663,0.0,6.0
2021-07-30 06:01:57.385560,2613545,0.0,0.0
2021-07-30 06:01:57.385560,2613663,0.0,6.0
2021-07-30 06:01:57.545690,2613545,0.0,0.0
2021-07-30 06:01:57.545690,2613663,0.0,6.0
2021-07-30 06:01:57.703622,2613545,0.0,0.0
2021-07-30 06:01:57.703622,2613663,0.0,6.0
2021-07-30 06:01:57.863598,2613545,0.0,0.0
2021-07-30 06:01:57.863598,2613663,0.0,6.0
2021-07-30 06:01:58.027160,2613545,0.0,0.0
2021-07-30 06:01:58.027160,2613663,0.0,6.0
2021-07-30 06:01:58.188581,2613545,0.0,0.0
2021-07-30 06:01:58.188581,2613663,0.0,6.0
2021-07-30 06:01:58.344905,2613545,0.0,0.0
2021-07-30 06:01:58.344905,2613663,0.0,6.0
2021-07-30 06:01:58.501918,2613545,0.0,0.0
2021-07-30 06:01:58.501918,2613663,0.0,6.0
2021-07-30 06:01:58.659750,2613545,0.0,0.0
2021-07-30 06:01:58.659750,2613663,0.0,6.0
2021-07-30 06:01:58.819878,2613545,0.0,0.0
2021-07-30 06:01:58.819878,2613663,0.0,6.0
2021-07-30 06:01:58.977402,2613545,0.0,0.0
2021-07-30 06:01:58.977402,2613663,0.0,6.0
2021-07-30 06:01:59.135349,2613545,0.0,0.0
2021-07-30 06:01:59.135349,2613663,0.0,6.0
2021-07-30 06:01:59.295301,2613545,0.0,0.0
2021-07-30 06:01:59.295301,2613663,0.0,6.0
2021-07-30 06:01:59.455559,2613545,0.0,0.0
2021-07-30 06:01:59.455559,2613663,0.0,6.0
2021-07-30 06:01:59.611802,2613545,0.0,0.0
2021-07-30 06:01:59.611802,2613663,0.0,6.0
2021-07-30 06:01:59.768257,2613545,0.0,0.0
2021-07-30 06:01:59.768257,2613663,0.0,6.0
2021-07-30 06:01:59.926865,2613545,0.0,0.0
2021-07-30 06:01:59.926865,2613663,0.0,6.0
2021-07-30 06:02:00.089863,2613545,0.0,0.0
2021-07-30 06:02:00.089863,2613663,0.0,6.0
2021-07-30 06:02:00.246875,2613545,0.0,0.0
2021-07-30 06:02:00.246875,2613663,0.0,6.0
2021-07-30 06:02:00.403563,2613545,0.0,0.0
2021-07-30 06:02:00.403563,2613663,0.0,6.0
2021-07-30 06:02:00.561854,2613545,0.0,0.0
2021-07-30 06:02:00.561854,2613663,0.0,6.0
2021-07-30 06:02:00.725901,2613545,0.0,0.0
2021-07-30 06:02:00.725901,2613663,0.0,6.0
2021-07-30 06:02:00.884913,2613545,0.0,0.0
2021-07-30 06:02:00.884913,2613663,0.0,6.0
2021-07-30 06:02:01.042512,2613545,0.0,0.0
2021-07-30 06:02:01.042512,2613663,0.0,6.0
2021-07-30 06:02:01.199217,2613545,0.0,0.0
2021-07-30 06:02:01.199217,2613663,0.0,6.0
2021-07-30 06:02:01.356621,2613545,0.0,0.0
2021-07-30 06:02:01.356621,2613663,0.0,6.0
2021-07-30 06:02:01.518676,2613545,0.0,0.0
2021-07-30 06:02:01.518676,2613663,0.0,6.0
2021-07-30 06:02:01.676971,2613545,0.0,0.0
2021-07-30 06:02:01.676971,2613663,0.0,6.0
2021-07-30 06:02:01.834980,2613545,0.0,0.0
2021-07-30 06:02:01.834980,2613663,0.0,6.0
2021-07-30 06:02:01.993720,2613545,0.0,0.0
2021-07-30 06:02:01.993720,2613663,0.0,6.0
2021-07-30 06:02:02.157004,2613545,0.0,0.0
2021-07-30 06:02:02.157004,2613663,0.0,6.0
2021-07-30 06:02:02.315033,2613545,0.0,0.0
2021-07-30 06:02:02.315033,2613663,0.0,6.0
2021-07-30 06:02:02.471566,2613545,0.0,0.0
2021-07-30 06:02:02.471566,2613663,0.0,6.0
2021-07-30 06:02:02.628097,2613545,0.0,0.0
2021-07-30 06:02:02.628097,2613663,0.0,6.0
2021-07-30 06:02:02.785558,2613545,0.0,0.0
2021-07-30 06:02:02.785558,2613663,0.0,6.0
2021-07-30 06:02:02.942482,2613545,0.0,0.0
2021-07-30 06:02:02.942482,2613663,0.0,6.0
2021-07-30 06:02:03.099467,2613545,0.0,0.0
2021-07-30 06:02:03.099467,2613663,0.0,6.0
2021-07-30 06:02:03.258615,2613663,6.7,6.0
2021-07-30 06:02:03.258615,2613545,0.0,0.0
2021-07-30 06:02:03.416088,2613545,0.0,0.0
2021-07-30 06:02:03.416088,2613663,0.0,6.0
2021-07-30 06:02:03.572977,2613663,6.7,6.0
2021-07-30 06:02:03.572977,2613545,0.0,0.0
2021-07-30 06:02:03.729444,2613545,0.0,0.0
2021-07-30 06:02:03.729444,2613663,0.0,6.0
2021-07-30 06:02:03.886628,2613545,0.0,0.0
2021-07-30 06:02:03.886628,2613663,0.0,6.0
2021-07-30 06:02:04.045223,2613545,0.0,0.0
2021-07-30 06:02:04.045223,2613663,0.0,6.0
2021-07-30 06:02:04.211883,2613545,0.0,0.0
2021-07-30 06:02:04.211883,2613663,0.0,6.0
2021-07-30 06:02:04.369268,2613545,0.0,0.0
2021-07-30 06:02:04.369268,2613663,0.0,6.0
2021-07-30 06:02:04.526290,2613545,0.0,0.0
2021-07-30 06:02:04.526290,2613663,0.0,6.0
2021-07-30 06:02:04.683945,2613545,0.0,0.0
2021-07-30 06:02:04.683945,2613663,0.0,6.0
2021-07-30 06:02:04.841193,2613545,0.0,0.0
2021-07-30 06:02:04.841193,2613663,0.0,6.0
2021-07-30 06:02:05.000464,2613545,0.0,0.0
2021-07-30 06:02:05.000464,2613663,0.0,6.0
2021-07-30 06:02:05.157955,2613663,6.7,6.0
2021-07-30 06:02:05.157955,2613545,0.0,0.0
2021-07-30 06:02:05.315627,2613545,0.0,0.0
2021-07-30 06:02:05.315627,2613663,0.0,6.0
2021-07-30 06:02:05.473074,2613545,0.0,0.0
2021-07-30 06:02:05.473074,2613663,0.0,6.0
2021-07-30 06:02:05.630077,2613545,0.0,0.0
2021-07-30 06:02:05.630077,2613663,0.0,6.0
2021-07-30 06:02:05.787300,2613545,0.0,0.0
2021-07-30 06:02:05.787300,2613663,0.0,6.0
2021-07-30 06:02:05.944625,2613545,0.0,0.0
2021-07-30 06:02:05.944625,2613663,0.0,6.0
2021-07-30 06:02:06.101265,2613545,0.0,0.0
2021-07-30 06:02:06.101265,2613663,0.0,6.0
2021-07-30 06:02:06.258860,2613663,6.7,6.0
2021-07-30 06:02:06.258860,2613545,0.0,0.0
2021-07-30 06:02:06.415875,2613545,0.0,0.0
2021-07-30 06:02:06.415875,2613663,0.0,6.0
2021-07-30 06:02:06.573245,2613545,0.0,0.0
2021-07-30 06:02:06.573245,2613663,0.0,6.0
2021-07-30 06:02:06.730596,2613545,0.0,0.0
2021-07-30 06:02:06.730596,2613663,0.0,6.0
2021-07-30 06:02:06.888161,2613545,0.0,0.0
2021-07-30 06:02:06.888161,2613663,0.0,6.0
2021-07-30 06:02:07.045829,2613545,0.0,0.0
2021-07-30 06:02:07.045829,2613663,0.0,6.0
2021-07-30 06:02:07.202774,2613545,0.0,0.0
2021-07-30 06:02:07.202774,2613663,0.0,6.0
2021-07-30 06:02:07.360222,2613545,0.0,0.0
2021-07-30 06:02:07.360222,2613663,0.0,6.0
2021-07-30 06:02:07.517777,2613545,0.0,0.0
2021-07-30 06:02:07.517777,2613663,0.0,6.0
2021-07-30 06:02:07.675091,2613545,0.0,0.0
2021-07-30 06:02:07.675091,2613663,0.0,6.0
2021-07-30 06:02:07.832575,2613545,0.0,0.0
2021-07-30 06:02:07.832575,2613663,0.0,6.0
2021-07-30 06:02:07.989939,2613545,0.0,0.0
2021-07-30 06:02:07.989939,2613663,0.0,6.0
2021-07-30 06:02:08.147269,2613545,0.0,0.0
2021-07-30 06:02:08.147269,2613663,0.0,6.0
2021-07-30 06:02:08.304688,2613663,6.7,6.0
2021-07-30 06:02:08.304688,2613545,0.0,0.0
2021-07-30 06:02:08.461884,2613545,0.0,0.0
2021-07-30 06:02:08.461884,2613663,0.0,6.0
2021-07-30 06:02:08.619301,2613545,0.0,0.0
2021-07-30 06:02:08.619301,2613663,0.0,6.0
2021-07-30 06:02:08.776628,2613545,0.0,0.0
2021-07-30 06:02:08.776628,2613663,0.0,6.0
2021-07-30 06:02:08.934120,2613545,0.0,0.0
2021-07-30 06:02:08.934120,2613663,0.0,6.0
2021-07-30 06:02:09.091688,2613545,0.0,0.0
2021-07-30 06:02:09.091688,2613663,0.0,6.0
2021-07-30 06:02:09.248956,2613545,0.0,0.0
2021-07-30 06:02:09.248956,2613663,0.0,6.0
2021-07-30 06:02:09.406236,2613545,0.0,0.0
2021-07-30 06:02:09.406236,2613663,0.0,6.0
2021-07-30 06:02:09.563600,2613545,0.0,0.0
2021-07-30 06:02:09.563600,2613663,0.0,6.0
2021-07-30 06:02:09.720938,2613545,0.0,0.0
2021-07-30 06:02:09.720938,2613663,0.0,6.0
2021-07-30 06:02:09.878500,2613545,0.0,0.0
2021-07-30 06:02:09.878500,2613663,0.0,6.0
2021-07-30 06:02:10.035848,2613545,0.0,0.0
2021-07-30 06:02:10.035848,2613663,0.0,6.0
2021-07-30 06:02:10.193194,2613545,0.0,0.0
2021-07-30 06:02:10.193194,2613663,0.0,6.0
2021-07-30 06:02:10.350719,2613545,0.0,0.0
2021-07-30 06:02:10.350719,2613663,0.0,6.0
2021-07-30 06:02:10.508223,2613545,0.0,0.0
2021-07-30 06:02:10.508223,2613663,0.0,6.0
2021-07-30 06:02:10.664878,2613545,0.0,0.0
2021-07-30 06:02:10.664878,2613663,0.0,6.0
2021-07-30 06:02:10.822206,2613545,0.0,0.0
2021-07-30 06:02:10.822206,2613663,0.0,6.0
2021-07-30 06:02:10.979544,2613545,0.0,0.0
2021-07-30 06:02:10.979544,2613663,0.0,6.0
2021-07-30 06:02:11.137301,2613545,0.0,0.0
2021-07-30 06:02:11.137301,2613663,0.0,6.0
2021-07-30 06:02:11.295000,2613545,0.0,0.0
2021-07-30 06:02:11.295000,2613663,0.0,6.0
