timestamp,PID,CPU,RAM
2021-08-03 02:10:26.925447,3992006,0.0,0.0
2021-08-03 02:10:26.925447,3992072,0.0,3.1
2021-08-03 02:10:27.082994,3992006,0.0,0.0
2021-08-03 02:10:27.082994,3992072,0.0,3.1
2021-08-03 02:10:27.240066,3992006,0.0,0.0
2021-08-03 02:10:27.240066,3992072,0.0,3.1
2021-08-03 02:10:27.397110,3992006,0.0,0.0
2021-08-03 02:10:27.397110,3992072,0.0,3.1
2021-08-03 02:10:27.554159,3992006,0.0,0.0
2021-08-03 02:10:27.554159,3992072,0.0,3.1
2021-08-03 02:10:27.711206,3992006,0.0,0.0
2021-08-03 02:10:27.711206,3992072,0.0,3.1
2021-08-03 02:10:27.868506,3992006,0.0,0.0
2021-08-03 02:10:27.868506,3992072,0.0,3.1
2021-08-03 02:10:28.025722,3992006,0.0,0.0
2021-08-03 02:10:28.025722,3992072,0.0,3.1
2021-08-03 02:10:28.182831,3992006,0.0,0.0
2021-08-03 02:10:28.182831,3992072,0.0,3.1
2021-08-03 02:10:28.339916,3992006,0.0,0.0
2021-08-03 02:10:28.339916,3992072,0.0,3.1
2021-08-03 02:10:28.497004,3992006,0.0,0.0
2021-08-03 02:10:28.497004,3992072,0.0,3.1
2021-08-03 02:10:28.654049,3992006,0.0,0.0
2021-08-03 02:10:28.654049,3992072,0.0,3.1
2021-08-03 02:10:28.809987,3992006,0.0,0.0
2021-08-03 02:10:28.809987,3992072,0.0,3.1
2021-08-03 02:10:28.967519,3992006,0.0,0.0
2021-08-03 02:10:28.967519,3992072,0.0,3.1
2021-08-03 02:10:29.124721,3992006,0.0,0.0
2021-08-03 02:10:29.124721,3992072,0.0,3.1
2021-08-03 02:10:29.281689,3992006,0.0,0.0
2021-08-03 02:10:29.281689,3992072,0.0,3.1
2021-08-03 02:10:29.439009,3992006,0.0,0.0
2021-08-03 02:10:29.439009,3992072,0.0,3.1
2021-08-03 02:10:29.596155,3992006,0.0,0.0
2021-08-03 02:10:29.596155,3992072,0.0,3.1
2021-08-03 02:10:29.753266,3992006,0.0,0.0
2021-08-03 02:10:29.753266,3992072,0.0,3.1
2021-08-03 02:10:29.910538,3992006,0.0,0.0
2021-08-03 02:10:29.910538,3992072,0.0,3.1
2021-08-03 02:10:30.067709,3992006,0.0,0.0
2021-08-03 02:10:30.067709,3992072,0.0,3.1
2021-08-03 02:10:30.225677,3992072,20.0,3.1
2021-08-03 02:10:30.225677,3992006,0.0,0.0
2021-08-03 02:10:30.381642,3992006,0.0,0.0
2021-08-03 02:10:30.381642,3992072,0.0,3.1
2021-08-03 02:10:30.538576,3992006,0.0,0.0
2021-08-03 02:10:30.538576,3992072,0.0,3.1
2021-08-03 02:10:30.695060,3992006,0.0,0.0
2021-08-03 02:10:30.695060,3992072,0.0,3.1
2021-08-03 02:10:30.851675,3992006,0.0,0.0
2021-08-03 02:10:30.851675,3992072,0.0,3.1
2021-08-03 02:10:31.008868,3992006,0.0,0.0
2021-08-03 02:10:31.008868,3992072,0.0,3.1
2021-08-03 02:10:31.165771,3992006,0.0,0.0
2021-08-03 02:10:31.165771,3992072,0.0,3.1
2021-08-03 02:10:31.322285,3992006,0.0,0.0
2021-08-03 02:10:31.322285,3992072,0.0,3.1
2021-08-03 02:10:31.478784,3992006,0.0,0.0
2021-08-03 02:10:31.478784,3992072,0.0,3.1
2021-08-03 02:10:31.634665,3992006,0.0,0.0
2021-08-03 02:10:31.634665,3992072,0.0,3.1
2021-08-03 02:10:31.790766,3992006,0.0,0.0
2021-08-03 02:10:31.790766,3992072,0.0,3.1
2021-08-03 02:10:31.946584,3992006,0.0,0.0
2021-08-03 02:10:31.946584,3992072,0.0,3.1
2021-08-03 02:10:32.104086,3992006,0.0,0.0
2021-08-03 02:10:32.104086,3992072,0.0,3.1
2021-08-03 02:10:32.261369,3992006,0.0,0.0
2021-08-03 02:10:32.261369,3992072,0.0,3.1
2021-08-03 02:10:32.420459,3992006,0.0,0.0
2021-08-03 02:10:32.420459,3992072,0.0,3.1
2021-08-03 02:10:32.577566,3992006,0.0,0.0
2021-08-03 02:10:32.577566,3992072,0.0,3.1
2021-08-03 02:10:32.734799,3992006,0.0,0.0
2021-08-03 02:10:32.734799,3992072,0.0,3.1
2021-08-03 02:10:32.891752,3992006,0.0,0.0
2021-08-03 02:10:32.891752,3992072,0.0,3.1
2021-08-03 02:10:33.047437,3992006,0.0,0.0
2021-08-03 02:10:33.047437,3992072,0.0,3.1
2021-08-03 02:10:33.204405,3992006,0.0,0.0
2021-08-03 02:10:33.204405,3992072,0.0,3.1
2021-08-03 02:10:33.361527,3992006,0.0,0.0
2021-08-03 02:10:33.361527,3992072,0.0,3.1
2021-08-03 02:10:33.519018,3992006,0.0,0.0
2021-08-03 02:10:33.519018,3992072,0.0,3.1
2021-08-03 02:10:33.675852,3992006,0.0,0.0
2021-08-03 02:10:33.675852,3992072,0.0,3.1
2021-08-03 02:10:33.833675,3992006,0.0,0.0
2021-08-03 02:10:33.833675,3992072,0.0,3.1
2021-08-03 02:10:33.991306,3992006,0.0,0.0
2021-08-03 02:10:33.991306,3992072,0.0,3.1
2021-08-03 02:10:34.148417,3992006,0.0,0.0
2021-08-03 02:10:34.148417,3992072,0.0,3.1
2021-08-03 02:10:34.306123,3992006,0.0,0.0
2021-08-03 02:10:34.306123,3992072,0.0,3.1
2021-08-03 02:10:34.463334,3992006,0.0,0.0
2021-08-03 02:10:34.463334,3992072,0.0,3.1
2021-08-03 02:10:34.620496,3992006,0.0,0.0
2021-08-03 02:10:34.620496,3992072,0.0,3.1
2021-08-03 02:10:34.776814,3992006,0.0,0.0
2021-08-03 02:10:34.776814,3992072,0.0,3.1
2021-08-03 02:10:34.934606,3992006,0.0,0.0
2021-08-03 02:10:34.934606,3992072,0.0,3.1
2021-08-03 02:10:35.092344,3992006,0.0,0.0
2021-08-03 02:10:35.092344,3992072,0.0,3.1
2021-08-03 02:10:35.249226,3992006,0.0,0.0
2021-08-03 02:10:35.249226,3992072,0.0,3.1
2021-08-03 02:10:35.406603,3992006,0.0,0.0
2021-08-03 02:10:35.406603,3992072,0.0,3.1
2021-08-03 02:10:35.564271,3992006,0.0,0.0
2021-08-03 02:10:35.564271,3992072,0.0,3.1
2021-08-03 02:10:35.721438,3992006,0.0,0.0
2021-08-03 02:10:35.721438,3992072,0.0,3.1
2021-08-03 02:10:35.878604,3992006,0.0,0.0
2021-08-03 02:10:35.878604,3992072,0.0,3.1
2021-08-03 02:10:36.035913,3992006,0.0,0.0
2021-08-03 02:10:36.035913,3992072,0.0,3.1
2021-08-03 02:10:36.193039,3992006,0.0,0.0
2021-08-03 02:10:36.193039,3992072,0.0,3.1
2021-08-03 02:10:36.350094,3992006,0.0,0.0
2021-08-03 02:10:36.350094,3992072,0.0,3.1
2021-08-03 02:10:36.507154,3992006,0.0,0.0
2021-08-03 02:10:36.507154,3992072,0.0,3.1
2021-08-03 02:10:36.664250,3992006,0.0,0.0
2021-08-03 02:10:36.664250,3992072,0.0,3.1
2021-08-03 02:10:36.821365,3992006,0.0,0.0
2021-08-03 02:10:36.821365,3992072,0.0,3.1
2021-08-03 02:10:36.978520,3992006,0.0,0.0
2021-08-03 02:10:36.978520,3992072,0.0,3.1
2021-08-03 02:10:37.135681,3992006,0.0,0.0
2021-08-03 02:10:37.135681,3992072,0.0,3.1
2021-08-03 02:10:37.292817,3992006,0.0,0.0
2021-08-03 02:10:37.292817,3992072,0.0,3.1
2021-08-03 02:10:37.449920,3992006,0.0,0.0
2021-08-03 02:10:37.449920,3992072,0.0,3.1
2021-08-03 02:10:37.606955,3992006,0.0,0.0
2021-08-03 02:10:37.606955,3992072,0.0,3.1
2021-08-03 02:10:37.764008,3992006,0.0,0.0
2021-08-03 02:10:37.764008,3992072,0.0,3.1
2021-08-03 02:10:37.921137,3992006,0.0,0.0
2021-08-03 02:10:37.921137,3992072,0.0,3.1
2021-08-03 02:10:38.078362,3992006,0.0,0.0
2021-08-03 02:10:38.078362,3992072,0.0,3.1
2021-08-03 02:10:38.234872,3992006,0.0,0.0
2021-08-03 02:10:38.234872,3992072,0.0,3.1
2021-08-03 02:10:38.391806,3992006,0.0,0.0
2021-08-03 02:10:38.391806,3992072,0.0,3.1
2021-08-03 02:10:38.548939,3992006,0.0,0.0
2021-08-03 02:10:38.548939,3992072,0.0,3.1
2021-08-03 02:10:38.709793,3992072,6.7,3.1
2021-08-03 02:10:38.709793,3992006,0.0,0.0
2021-08-03 02:10:38.868727,3992006,0.0,0.0
2021-08-03 02:10:38.868727,3992072,0.0,3.1
2021-08-03 02:10:39.026104,3992006,0.0,0.0
2021-08-03 02:10:39.026104,3992072,0.0,3.1
2021-08-03 02:10:39.183005,3992006,0.0,0.0
2021-08-03 02:10:39.183005,3992072,0.0,3.1
2021-08-03 02:10:39.340130,3992006,0.0,0.0
2021-08-03 02:10:39.340130,3992072,0.0,3.1
2021-08-03 02:10:39.499277,3992006,0.0,0.0
2021-08-03 02:10:39.499277,3992072,0.0,3.1
2021-08-03 02:10:39.656097,3992006,0.0,0.0
2021-08-03 02:10:39.656097,3992072,0.0,3.1
2021-08-03 02:10:39.813681,3992006,0.0,0.0
2021-08-03 02:10:39.813681,3992072,0.0,3.1
2021-08-03 02:10:39.970945,3992006,0.0,0.0
2021-08-03 02:10:39.970945,3992072,0.0,3.1
2021-08-03 02:10:40.127788,3992006,0.0,0.0
2021-08-03 02:10:40.127788,3992072,0.0,3.1
2021-08-03 02:10:40.283801,3992006,0.0,0.0
2021-08-03 02:10:40.283801,3992072,0.0,3.1
2021-08-03 02:10:40.440214,3992006,0.0,0.0
2021-08-03 02:10:40.440214,3992072,0.0,3.1
2021-08-03 02:10:40.596721,3992006,0.0,0.0
2021-08-03 02:10:40.596721,3992072,0.0,3.1
2021-08-03 02:10:40.753909,3992006,0.0,0.0
2021-08-03 02:10:40.753909,3992072,0.0,3.1
2021-08-03 02:10:40.911083,3992006,0.0,0.0
2021-08-03 02:10:40.911083,3992072,0.0,3.1
2021-08-03 02:10:41.067240,3992006,0.0,0.0
2021-08-03 02:10:41.067240,3992072,0.0,3.1
2021-08-03 02:10:41.224629,3992006,0.0,0.0
2021-08-03 02:10:41.224629,3992072,0.0,3.1
2021-08-03 02:10:41.381740,3992006,0.0,0.0
2021-08-03 02:10:41.381740,3992072,0.0,3.1
2021-08-03 02:10:41.539263,3992006,0.0,0.0
2021-08-03 02:10:41.539263,3992072,0.0,3.1
2021-08-03 02:10:41.696416,3992006,0.0,0.0
2021-08-03 02:10:41.696416,3992072,0.0,3.1
2021-08-03 02:10:41.852703,3992006,0.0,0.0
2021-08-03 02:10:41.852703,3992072,0.0,3.1
2021-08-03 02:10:42.009461,3992006,0.0,0.0
2021-08-03 02:10:42.009461,3992072,0.0,3.1
2021-08-03 02:10:42.166481,3992006,0.0,0.0
2021-08-03 02:10:42.166481,3992072,0.0,3.1
2021-08-03 02:10:42.323772,3992006,0.0,0.0
2021-08-03 02:10:42.323772,3992072,0.0,3.1
2021-08-03 02:10:42.480797,3992006,0.0,0.0
2021-08-03 02:10:42.480797,3992072,0.0,3.1
2021-08-03 02:10:42.638648,3992006,0.0,0.0
2021-08-03 02:10:42.638648,3992072,0.0,3.1
2021-08-03 02:10:42.796145,3992006,0.0,0.0
2021-08-03 02:10:42.796145,3992072,0.0,3.1
2021-08-03 02:10:42.953850,3992006,0.0,0.0
2021-08-03 02:10:42.953850,3992072,0.0,3.1
2021-08-03 02:10:43.112178,3992006,0.0,0.0
2021-08-03 02:10:43.112178,3992072,0.0,3.1
2021-08-03 02:10:43.269761,3992006,0.0,0.0
2021-08-03 02:10:43.269761,3992072,0.0,3.1
2021-08-03 02:10:43.426664,3992006,0.0,0.0
2021-08-03 02:10:43.426664,3992072,0.0,3.1
2021-08-03 02:10:43.583711,3992006,0.0,0.0
2021-08-03 02:10:43.583711,3992072,0.0,3.1
2021-08-03 02:10:43.740242,3992006,0.0,0.0
2021-08-03 02:10:43.740242,3992072,0.0,3.1
2021-08-03 02:10:43.897576,3992006,0.0,0.0
2021-08-03 02:10:43.897576,3992072,0.0,3.1
2021-08-03 02:10:44.055461,3992006,0.0,0.0
2021-08-03 02:10:44.055461,3992072,0.0,3.1
2021-08-03 02:10:44.210934,3992006,0.0,0.0
2021-08-03 02:10:44.210934,3992072,0.0,3.1
2021-08-03 02:10:44.368153,3992006,0.0,0.0
2021-08-03 02:10:44.368153,3992072,0.0,3.1
2021-08-03 02:10:44.524599,3992006,0.0,0.0
2021-08-03 02:10:44.524599,3992072,0.0,3.1
2021-08-03 02:10:44.681762,3992006,0.0,0.0
2021-08-03 02:10:44.681762,3992072,0.0,3.1
2021-08-03 02:10:44.838088,3992006,0.0,0.0
2021-08-03 02:10:44.838088,3992072,0.0,3.1
2021-08-03 02:10:44.994077,3992006,0.0,0.0
2021-08-03 02:10:44.994077,3992072,0.0,3.1
2021-08-03 02:10:45.149490,3992006,0.0,0.0
2021-08-03 02:10:45.149490,3992072,0.0,3.1
2021-08-03 02:10:45.305339,3992006,0.0,0.0
2021-08-03 02:10:45.305339,3992072,0.0,3.1
2021-08-03 02:10:45.460767,3992006,0.0,0.0
2021-08-03 02:10:45.460767,3992072,0.0,3.1
2021-08-03 02:10:45.617602,3992006,0.0,0.0
2021-08-03 02:10:45.617602,3992072,0.0,3.1
2021-08-03 02:10:45.774061,3992006,0.0,0.0
2021-08-03 02:10:45.774061,3992072,0.0,3.1
2021-08-03 02:10:45.930897,3992006,0.0,0.0
2021-08-03 02:10:45.930897,3992072,0.0,3.1
2021-08-03 02:10:46.088656,3992006,0.0,0.0
2021-08-03 02:10:46.088656,3992072,0.0,3.1
2021-08-03 02:10:46.246276,3992006,0.0,0.0
2021-08-03 02:10:46.246276,3992072,0.0,3.1
2021-08-03 02:10:46.403862,3992006,0.0,0.0
2021-08-03 02:10:46.403862,3992072,0.0,3.1
2021-08-03 02:10:46.561557,3992006,0.0,0.0
2021-08-03 02:10:46.561557,3992072,0.0,3.1
2021-08-03 02:10:46.718765,3992006,0.0,0.0
2021-08-03 02:10:46.718765,3992072,0.0,3.1
2021-08-03 02:10:46.876301,3992006,0.0,0.0
2021-08-03 02:10:46.876301,3992072,0.0,3.1
2021-08-03 02:10:47.033496,3992006,0.0,0.0
2021-08-03 02:10:47.033496,3992072,0.0,3.1
2021-08-03 02:10:47.191094,3992006,0.0,0.0
2021-08-03 02:10:47.191094,3992072,0.0,3.1
2021-08-03 02:10:47.348225,3992006,0.0,0.0
2021-08-03 02:10:47.348225,3992072,0.0,3.1
2021-08-03 02:10:47.505731,3992006,0.0,0.0
2021-08-03 02:10:47.505731,3992072,0.0,3.1
2021-08-03 02:10:47.663425,3992006,0.0,0.0
2021-08-03 02:10:47.663425,3992072,0.0,3.1
2021-08-03 02:10:47.821649,3992006,0.0,0.0
2021-08-03 02:10:47.821649,3992072,0.0,3.1
2021-08-03 02:10:47.978649,3992006,0.0,0.0
2021-08-03 02:10:47.978649,3992072,0.0,3.1
2021-08-03 02:10:48.135329,3992006,0.0,0.0
2021-08-03 02:10:48.135329,3992072,0.0,3.1
2021-08-03 02:10:48.293554,3992006,0.0,0.0
2021-08-03 02:10:48.293554,3992072,0.0,3.1
2021-08-03 02:10:48.450887,3992006,0.0,0.0
2021-08-03 02:10:48.450887,3992072,0.0,3.1
2021-08-03 02:10:48.608605,3992006,0.0,0.0
2021-08-03 02:10:48.608605,3992072,0.0,3.1
2021-08-03 02:10:48.766315,3992006,0.0,0.0
2021-08-03 02:10:48.766315,3992072,0.0,3.1
2021-08-03 02:10:48.922997,3992006,0.0,0.0
2021-08-03 02:10:48.922997,3992072,0.0,3.1
2021-08-03 02:10:49.079823,3992006,0.0,0.0
2021-08-03 02:10:49.079823,3992072,0.0,3.1
2021-08-03 02:10:49.236857,3992006,0.0,0.0
2021-08-03 02:10:49.236857,3992072,0.0,3.1
2021-08-03 02:10:49.394329,3992006,0.0,0.0
2021-08-03 02:10:49.394329,3992072,0.0,3.1
2021-08-03 02:10:49.551214,3992006,0.0,0.0
2021-08-03 02:10:49.551214,3992072,0.0,3.1
2021-08-03 02:10:49.707252,3992006,0.0,0.0
2021-08-03 02:10:49.707252,3992072,0.0,3.1
2021-08-03 02:10:49.864192,3992006,0.0,0.0
2021-08-03 02:10:49.864192,3992072,0.0,3.1
2021-08-03 02:10:50.021408,3992006,0.0,0.0
2021-08-03 02:10:50.021408,3992072,0.0,3.1
2021-08-03 02:10:50.178597,3992006,0.0,0.0
2021-08-03 02:10:50.178597,3992072,0.0,3.1
2021-08-03 02:10:50.335308,3992006,0.0,0.0
2021-08-03 02:10:50.335308,3992072,0.0,3.1
2021-08-03 02:10:50.492789,3992006,0.0,0.0
2021-08-03 02:10:50.492789,3992072,0.0,3.1
2021-08-03 02:10:50.650681,3992006,0.0,0.0
2021-08-03 02:10:50.650681,3992072,0.0,3.1
2021-08-03 02:10:50.808430,3992006,0.0,0.0
2021-08-03 02:10:50.808430,3992072,0.0,3.1
2021-08-03 02:10:50.966482,3992006,0.0,0.0
2021-08-03 02:10:50.966482,3992072,0.0,3.1
2021-08-03 02:10:51.123971,3992006,0.0,0.0
2021-08-03 02:10:51.123971,3992072,0.0,3.1
2021-08-03 02:10:51.281470,3992006,0.0,0.0
2021-08-03 02:10:51.281470,3992072,0.0,3.1
2021-08-03 02:10:51.438562,3992006,0.0,0.0
2021-08-03 02:10:51.438562,3992072,0.0,3.1
2021-08-03 02:10:51.595915,3992006,0.0,0.0
2021-08-03 02:10:51.595915,3992072,0.0,3.1
2021-08-03 02:10:51.753463,3992006,0.0,0.0
2021-08-03 02:10:51.753463,3992072,0.0,3.1
2021-08-03 02:10:51.910770,3992006,0.0,0.0
2021-08-03 02:10:51.910770,3992072,0.0,3.1
2021-08-03 02:10:52.066029,3992006,0.0,0.0
2021-08-03 02:10:52.066029,3992072,0.0,3.1
2021-08-03 02:10:52.221045,3992006,0.0,0.0
2021-08-03 02:10:52.221045,3992072,0.0,3.1
2021-08-03 02:10:52.377079,3992006,0.0,0.0
2021-08-03 02:10:52.377079,3992072,0.0,3.1
2021-08-03 02:10:52.532890,3992006,0.0,0.0
2021-08-03 02:10:52.532890,3992072,0.0,3.1
2021-08-03 02:10:52.688037,3992006,0.0,0.0
2021-08-03 02:10:52.688037,3992072,0.0,3.1
2021-08-03 02:10:52.843664,3992006,0.0,0.0
2021-08-03 02:10:52.843664,3992072,0.0,3.1
2021-08-03 02:10:52.998797,3992006,0.0,0.0
2021-08-03 02:10:52.998797,3992072,0.0,3.1
2021-08-03 02:10:53.155023,3992006,0.0,0.0
2021-08-03 02:10:53.155023,3992072,0.0,3.1
2021-08-03 02:10:53.310952,3992006,0.0,0.0
2021-08-03 02:10:53.310952,3992072,0.0,3.1
2021-08-03 02:10:53.467240,3992006,0.0,0.0
2021-08-03 02:10:53.467240,3992072,0.0,3.1
2021-08-03 02:10:53.622698,3992006,0.0,0.0
2021-08-03 02:10:53.622698,3992072,0.0,3.1
2021-08-03 02:10:53.779015,3992006,0.0,0.0
2021-08-03 02:10:53.779015,3992072,0.0,3.1
2021-08-03 02:10:53.935287,3992006,0.0,0.0
2021-08-03 02:10:53.935287,3992072,0.0,3.1
2021-08-03 02:10:54.091360,3992006,0.0,0.0
2021-08-03 02:10:54.091360,3992072,0.0,3.1
2021-08-03 02:10:54.247708,3992006,0.0,0.0
2021-08-03 02:10:54.247708,3992072,0.0,3.1
2021-08-03 02:10:54.405458,3992006,0.0,0.0
2021-08-03 02:10:54.405458,3992072,0.0,3.1
2021-08-03 02:10:54.564001,3992006,0.0,0.0
2021-08-03 02:10:54.564001,3992072,0.0,3.1
2021-08-03 02:10:54.722037,3992006,0.0,0.0
2021-08-03 02:10:54.722037,3992072,0.0,3.1
2021-08-03 02:10:54.879828,3992006,0.0,0.0
2021-08-03 02:10:54.879828,3992072,0.0,3.1
2021-08-03 02:10:55.037514,3992006,0.0,0.0
2021-08-03 02:10:55.037514,3992072,0.0,3.1
2021-08-03 02:10:55.194296,3992006,0.0,0.0
2021-08-03 02:10:55.194296,3992072,0.0,3.1
2021-08-03 02:10:55.351226,3992006,0.0,0.0
2021-08-03 02:10:55.351226,3992072,0.0,3.1
2021-08-03 02:10:55.508447,3992006,0.0,0.0
2021-08-03 02:10:55.508447,3992072,0.0,3.1
2021-08-03 02:10:55.665581,3992006,0.0,0.0
2021-08-03 02:10:55.665581,3992072,0.0,3.1
2021-08-03 02:10:55.823749,3992006,0.0,0.0
2021-08-03 02:10:55.823749,3992072,0.0,3.1
2021-08-03 02:10:55.981774,3992006,0.0,0.0
2021-08-03 02:10:55.981774,3992072,0.0,3.1
2021-08-03 02:10:56.139513,3992006,0.0,0.0
2021-08-03 02:10:56.139513,3992072,0.0,3.1
2021-08-03 02:10:56.296799,3992006,0.0,0.0
2021-08-03 02:10:56.296799,3992072,0.0,3.1
2021-08-03 02:10:56.454158,3992006,0.0,0.0
2021-08-03 02:10:56.454158,3992072,0.0,3.1
2021-08-03 02:10:56.611473,3992006,0.0,0.0
2021-08-03 02:10:56.611473,3992072,0.0,3.1
2021-08-03 02:10:56.768723,3992006,0.0,0.0
2021-08-03 02:10:56.768723,3992072,0.0,3.1
2021-08-03 02:10:56.926458,3992006,0.0,0.0
2021-08-03 02:10:56.926458,3992072,0.0,3.1
2021-08-03 02:10:57.083436,3992006,0.0,0.0
2021-08-03 02:10:57.083436,3992072,0.0,3.1
2021-08-03 02:10:57.241269,3992006,0.0,0.0
2021-08-03 02:10:57.241269,3992072,0.0,3.1
2021-08-03 02:10:57.397699,3992006,0.0,0.0
2021-08-03 02:10:57.397699,3992072,0.0,3.1
2021-08-03 02:10:57.556324,3992006,0.0,0.0
2021-08-03 02:10:57.556324,3992072,0.0,3.1
2021-08-03 02:10:57.713701,3992006,0.0,0.0
2021-08-03 02:10:57.713701,3992072,0.0,3.1
2021-08-03 02:10:57.870882,3992006,0.0,0.0
2021-08-03 02:10:57.870882,3992072,0.0,3.1
2021-08-03 02:10:58.027993,3992006,0.0,0.0
2021-08-03 02:10:58.027993,3992072,0.0,3.1
2021-08-03 02:10:58.184455,3992006,0.0,0.0
2021-08-03 02:10:58.184455,3992072,0.0,3.1
2021-08-03 02:10:58.341775,3992006,0.0,0.0
2021-08-03 02:10:58.341775,3992072,0.0,3.1
2021-08-03 02:10:58.499028,3992006,0.0,0.0
2021-08-03 02:10:58.499028,3992072,0.0,3.1
2021-08-03 02:10:58.656219,3992006,0.0,0.0
2021-08-03 02:10:58.656219,3992072,0.0,3.1
2021-08-03 02:10:58.813575,3992006,0.0,0.0
2021-08-03 02:10:58.813575,3992072,0.0,3.1
2021-08-03 02:10:58.969937,3992006,0.0,0.0
2021-08-03 02:10:58.969937,3992072,0.0,3.1
2021-08-03 02:10:59.128924,3992006,0.0,0.0
2021-08-03 02:10:59.128924,3992072,0.0,3.1
2021-08-03 02:10:59.285815,3992006,0.0,0.0
2021-08-03 02:10:59.285815,3992072,0.0,3.1
2021-08-03 02:10:59.443758,3992006,0.0,0.0
2021-08-03 02:10:59.443758,3992072,0.0,3.1
2021-08-03 02:10:59.601738,3992006,0.0,0.0
2021-08-03 02:10:59.601738,3992072,0.0,3.1
2021-08-03 02:10:59.760887,3992006,0.0,0.0
2021-08-03 02:10:59.760887,3992072,0.0,3.1
2021-08-03 02:10:59.918380,3992006,0.0,0.0
2021-08-03 02:10:59.918380,3992072,0.0,3.1
2021-08-03 02:11:00.074637,3992006,0.0,0.0
2021-08-03 02:11:00.074637,3992072,0.0,3.1
2021-08-03 02:11:00.230470,3992006,0.0,0.0
2021-08-03 02:11:00.230470,3992072,0.0,3.1
2021-08-03 02:11:00.385290,3992006,0.0,0.0
2021-08-03 02:11:00.385290,3992072,0.0,3.1
2021-08-03 02:11:00.540834,3992006,0.0,0.0
2021-08-03 02:11:00.540834,3992072,0.0,3.1
2021-08-03 02:11:00.695883,3992006,0.0,0.0
2021-08-03 02:11:00.695883,3992072,0.0,3.1
2021-08-03 02:11:00.851737,3992006,0.0,0.0
2021-08-03 02:11:00.851737,3992072,0.0,3.1
2021-08-03 02:11:01.007619,3992006,0.0,0.0
2021-08-03 02:11:01.007619,3992072,0.0,3.1
2021-08-03 02:11:01.162821,3992006,0.0,0.0
2021-08-03 02:11:01.162821,3992072,0.0,3.1
2021-08-03 02:11:01.318015,3992006,0.0,0.0
2021-08-03 02:11:01.318015,3992072,0.0,3.1
2021-08-03 02:11:01.472947,3992006,0.0,0.0
2021-08-03 02:11:01.472947,3992072,0.0,3.1
2021-08-03 02:11:01.627770,3992006,0.0,0.0
2021-08-03 02:11:01.627770,3992072,0.0,3.1
2021-08-03 02:11:01.782560,3992006,0.0,0.0
2021-08-03 02:11:01.782560,3992072,0.0,3.1
2021-08-03 02:11:01.938071,3992006,0.0,0.0
2021-08-03 02:11:01.938071,3992072,0.0,3.1
2021-08-03 02:11:02.093854,3992006,0.0,0.0
2021-08-03 02:11:02.093854,3992072,0.0,3.1
2021-08-03 02:11:02.251768,3992006,0.0,0.0
2021-08-03 02:11:02.251768,3992072,0.0,3.1
2021-08-03 02:11:02.408314,3992006,0.0,0.0
2021-08-03 02:11:02.408314,3992072,0.0,3.1
2021-08-03 02:11:02.564712,3992006,0.0,0.0
2021-08-03 02:11:02.564712,3992072,0.0,3.1
2021-08-03 02:11:02.721555,3992006,0.0,0.0
2021-08-03 02:11:02.721555,3992072,0.0,3.1
2021-08-03 02:11:02.877303,3992006,0.0,0.0
2021-08-03 02:11:02.877303,3992072,0.0,3.1
2021-08-03 02:11:03.032787,3992006,0.0,0.0
2021-08-03 02:11:03.032787,3992072,0.0,3.1
2021-08-03 02:11:03.188369,3992006,0.0,0.0
2021-08-03 02:11:03.188369,3992072,0.0,3.1
2021-08-03 02:11:03.344143,3992006,0.0,0.0
2021-08-03 02:11:03.344143,3992072,0.0,3.1
2021-08-03 02:11:03.500499,3992006,0.0,0.0
2021-08-03 02:11:03.500499,3992072,0.0,3.1
2021-08-03 02:11:03.657012,3992006,0.0,0.0
2021-08-03 02:11:03.657012,3992072,0.0,3.1
2021-08-03 02:11:03.814641,3992006,0.0,0.0
2021-08-03 02:11:03.814641,3992072,0.0,3.1
2021-08-03 02:11:03.972369,3992006,0.0,0.0
2021-08-03 02:11:03.972369,3992072,0.0,3.1
2021-08-03 02:11:04.129501,3992006,0.0,0.0
2021-08-03 02:11:04.129501,3992072,0.0,3.1
2021-08-03 02:11:04.287188,3992006,0.0,0.0
2021-08-03 02:11:04.287188,3992072,0.0,3.1
2021-08-03 02:11:04.443799,3992006,0.0,0.0
2021-08-03 02:11:04.443799,3992072,0.0,3.1
2021-08-03 02:11:04.600728,3992006,0.0,0.0
2021-08-03 02:11:04.600728,3992072,0.0,3.1
2021-08-03 02:11:04.757683,3992006,0.0,0.0
2021-08-03 02:11:04.757683,3992072,0.0,3.1
2021-08-03 02:11:04.914918,3992006,0.0,0.0
2021-08-03 02:11:04.914918,3992072,0.0,3.1
2021-08-03 02:11:05.072712,3992006,0.0,0.0
2021-08-03 02:11:05.072712,3992072,0.0,3.1
2021-08-03 02:11:05.229679,3992006,0.0,0.0
2021-08-03 02:11:05.229679,3992072,0.0,3.1
2021-08-03 02:11:05.386807,3992006,0.0,0.0
2021-08-03 02:11:05.386807,3992072,0.0,3.1
2021-08-03 02:11:05.544597,3992006,0.0,0.0
2021-08-03 02:11:05.544597,3992072,0.0,3.1
2021-08-03 02:11:05.701785,3992006,0.0,0.0
2021-08-03 02:11:05.701785,3992072,0.0,3.1
2021-08-03 02:11:05.859089,3992006,0.0,0.0
2021-08-03 02:11:05.859089,3992072,0.0,3.1
2021-08-03 02:11:06.016847,3992006,0.0,0.0
2021-08-03 02:11:06.016847,3992072,0.0,3.1
2021-08-03 02:11:06.174578,3992006,0.0,0.0
2021-08-03 02:11:06.174578,3992072,0.0,3.1
2021-08-03 02:11:06.332180,3992006,0.0,0.0
2021-08-03 02:11:06.332180,3992072,0.0,3.1
2021-08-03 02:11:06.490448,3992006,0.0,0.0
2021-08-03 02:11:06.490448,3992072,0.0,3.1
2021-08-03 02:11:06.647007,3992006,0.0,0.0
2021-08-03 02:11:06.647007,3992072,0.0,3.1
2021-08-03 02:11:06.804357,3992006,0.0,0.0
2021-08-03 02:11:06.804357,3992072,0.0,3.1
2021-08-03 02:11:06.961743,3992006,0.0,0.0
2021-08-03 02:11:06.961743,3992072,0.0,3.1
2021-08-03 02:11:07.119281,3992006,0.0,0.0
2021-08-03 02:11:07.119281,3992072,0.0,3.1
2021-08-03 02:11:07.276504,3992006,0.0,0.0
2021-08-03 02:11:07.276504,3992072,0.0,3.1
2021-08-03 02:11:07.434177,3992006,0.0,0.0
2021-08-03 02:11:07.434177,3992072,0.0,3.1
2021-08-03 02:11:07.592204,3992006,0.0,0.0
2021-08-03 02:11:07.592204,3992072,0.0,3.1
2021-08-03 02:11:07.748689,3992006,0.0,0.0
2021-08-03 02:11:07.748689,3992072,0.0,3.1
2021-08-03 02:11:07.905046,3992006,0.0,0.0
2021-08-03 02:11:07.905046,3992072,0.0,3.1
2021-08-03 02:11:08.062801,3992006,0.0,0.0
2021-08-03 02:11:08.062801,3992072,0.0,3.1
2021-08-03 02:11:08.220969,3992006,0.0,0.0
2021-08-03 02:11:08.220969,3992072,0.0,3.1
2021-08-03 02:11:08.378169,3992006,0.0,0.0
2021-08-03 02:11:08.378169,3992072,0.0,3.1
2021-08-03 02:11:08.534673,3992006,0.0,0.0
2021-08-03 02:11:08.534673,3992072,0.0,3.1
2021-08-03 02:11:08.691767,3992006,0.0,0.0
2021-08-03 02:11:08.691767,3992072,0.0,3.1
2021-08-03 02:11:08.849645,3992006,0.0,0.0
2021-08-03 02:11:08.849645,3992072,0.0,3.1
2021-08-03 02:11:09.006718,3992006,0.0,0.0
2021-08-03 02:11:09.006718,3992072,0.0,3.1
2021-08-03 02:11:09.164075,3992006,0.0,0.0
2021-08-03 02:11:09.164075,3992072,0.0,3.1
2021-08-03 02:11:09.321030,3992006,0.0,0.0
2021-08-03 02:11:09.321030,3992072,0.0,3.1
2021-08-03 02:11:09.478283,3992006,0.0,0.0
2021-08-03 02:11:09.478283,3992072,0.0,3.1
2021-08-03 02:11:09.636032,3992006,0.0,0.0
2021-08-03 02:11:09.636032,3992072,0.0,3.1
2021-08-03 02:11:09.793564,3992006,0.0,0.0
2021-08-03 02:11:09.793564,3992072,0.0,3.1
2021-08-03 02:11:09.952119,3992006,0.0,0.0
2021-08-03 02:11:09.952119,3992072,0.0,3.1
2021-08-03 02:11:10.108720,3992006,0.0,0.0
2021-08-03 02:11:10.108720,3992072,0.0,3.1
2021-08-03 02:11:10.267174,3992006,0.0,0.0
2021-08-03 02:11:10.267174,3992072,0.0,3.1
2021-08-03 02:11:10.424612,3992006,0.0,0.0
2021-08-03 02:11:10.424612,3992072,0.0,3.1
2021-08-03 02:11:10.582233,3992006,0.0,0.0
2021-08-03 02:11:10.582233,3992072,0.0,3.1
2021-08-03 02:11:10.740716,3992006,0.0,0.0
2021-08-03 02:11:10.740716,3992072,0.0,3.1
2021-08-03 02:11:10.897367,3992006,0.0,0.0
2021-08-03 02:11:10.897367,3992072,0.0,3.1
2021-08-03 02:11:11.054851,3992006,0.0,0.0
2021-08-03 02:11:11.054851,3992072,0.0,3.1
2021-08-03 02:11:11.211801,3992006,0.0,0.0
2021-08-03 02:11:11.211801,3992072,0.0,3.1
2021-08-03 02:11:11.368623,3992006,0.0,0.0
2021-08-03 02:11:11.368623,3992072,0.0,3.1
2021-08-03 02:11:11.526636,3992006,0.0,0.0
2021-08-03 02:11:11.526636,3992072,0.0,3.1
2021-08-03 02:11:11.683299,3992006,0.0,0.0
2021-08-03 02:11:11.683299,3992072,0.0,3.1
2021-08-03 02:11:11.840976,3992006,0.0,0.0
2021-08-03 02:11:11.840976,3992072,0.0,3.1
2021-08-03 02:11:11.998629,3992006,0.0,0.0
2021-08-03 02:11:11.998629,3992072,0.0,3.1
2021-08-03 02:11:12.155472,3992006,0.0,0.0
2021-08-03 02:11:12.155472,3992072,0.0,3.1
2021-08-03 02:11:12.312653,3992006,0.0,0.0
2021-08-03 02:11:12.312653,3992072,0.0,3.1
2021-08-03 02:11:12.470588,3992006,0.0,0.0
2021-08-03 02:11:12.470588,3992072,0.0,3.1
2021-08-03 02:11:12.627729,3992006,0.0,0.0
2021-08-03 02:11:12.627729,3992072,0.0,3.1
2021-08-03 02:11:12.785250,3992006,0.0,0.0
2021-08-03 02:11:12.785250,3992072,0.0,3.1
2021-08-03 02:11:12.943320,3992006,0.0,0.0
2021-08-03 02:11:12.943320,3992072,0.0,3.1
2021-08-03 02:11:13.100706,3992006,0.0,0.0
2021-08-03 02:11:13.100706,3992072,0.0,3.1
2021-08-03 02:11:13.257941,3992006,0.0,0.0
2021-08-03 02:11:13.257941,3992072,0.0,3.1
2021-08-03 02:11:13.415136,3992006,0.0,0.0
2021-08-03 02:11:13.415136,3992072,0.0,3.1
2021-08-03 02:11:13.578378,3992006,0.0,0.0
2021-08-03 02:11:13.578378,3992072,0.0,3.1
2021-08-03 02:11:13.735001,3992006,0.0,0.0
2021-08-03 02:11:13.735001,3992072,0.0,3.1
2021-08-03 02:11:13.892237,3992006,0.0,0.0
2021-08-03 02:11:13.892237,3992072,0.0,3.1
2021-08-03 02:11:14.049334,3992006,0.0,0.0
2021-08-03 02:11:14.049334,3992072,0.0,3.1
2021-08-03 02:11:14.204915,3992006,0.0,0.0
2021-08-03 02:11:14.204915,3992072,0.0,3.1
2021-08-03 02:11:14.360739,3992006,0.0,0.0
2021-08-03 02:11:14.360739,3992072,0.0,3.1
2021-08-03 02:11:14.516508,3992006,0.0,0.0
2021-08-03 02:11:14.516508,3992072,0.0,3.1
2021-08-03 02:11:14.671366,3992006,0.0,0.0
2021-08-03 02:11:14.671366,3992072,0.0,3.1
2021-08-03 02:11:14.827119,3992006,0.0,0.0
2021-08-03 02:11:14.827119,3992072,0.0,3.1
2021-08-03 02:11:14.982188,3992006,0.0,0.0
2021-08-03 02:11:14.982188,3992072,0.0,3.1
2021-08-03 02:11:15.137785,3992006,0.0,0.0
2021-08-03 02:11:15.137785,3992072,0.0,3.1
2021-08-03 02:11:15.293317,3992006,0.0,0.0
2021-08-03 02:11:15.293317,3992072,0.0,3.1
2021-08-03 02:11:15.448007,3992006,0.0,0.0
2021-08-03 02:11:15.448007,3992072,0.0,3.1
2021-08-03 02:11:15.603669,3992006,0.0,0.0
2021-08-03 02:11:15.603669,3992072,0.0,3.1
2021-08-03 02:11:15.759050,3992006,0.0,0.0
2021-08-03 02:11:15.759050,3992072,0.0,3.1
2021-08-03 02:11:15.913676,3992006,0.0,0.0
2021-08-03 02:11:15.913676,3992072,0.0,3.1
2021-08-03 02:11:16.068329,3992006,0.0,0.0
2021-08-03 02:11:16.068329,3992072,0.0,3.1
2021-08-03 02:11:16.224056,3992006,0.0,0.0
2021-08-03 02:11:16.224056,3992072,0.0,3.1
2021-08-03 02:11:16.379028,3992006,0.0,0.0
2021-08-03 02:11:16.379028,3992072,0.0,3.1
2021-08-03 02:11:16.534382,3992006,0.0,0.0
2021-08-03 02:11:16.534382,3992072,0.0,3.1
2021-08-03 02:11:16.690926,3992006,0.0,0.0
2021-08-03 02:11:16.690926,3992072,0.0,3.1
2021-08-03 02:11:16.846367,3992006,0.0,0.0
2021-08-03 02:11:16.846367,3992072,0.0,3.1
2021-08-03 02:11:17.001875,3992006,0.0,0.0
2021-08-03 02:11:17.001875,3992072,0.0,3.1
2021-08-03 02:11:17.156675,3992006,0.0,0.0
2021-08-03 02:11:17.156675,3992072,0.0,3.1
2021-08-03 02:11:17.311210,3992072,6.7,3.1
2021-08-03 02:11:17.311210,3992006,0.0,0.0
2021-08-03 02:11:17.466705,3992006,0.0,0.0
2021-08-03 02:11:17.466705,3992072,0.0,3.1
2021-08-03 02:11:17.621751,3992006,0.0,0.0
2021-08-03 02:11:17.621751,3992072,0.0,3.1
2021-08-03 02:11:17.777662,3992006,0.0,0.0
2021-08-03 02:11:17.777662,3992072,0.0,3.1
2021-08-03 02:11:17.933290,3992006,0.0,0.0
2021-08-03 02:11:17.933290,3992072,0.0,3.1
2021-08-03 02:11:18.089166,3992006,0.0,0.0
2021-08-03 02:11:18.089166,3992072,0.0,3.1
2021-08-03 02:11:18.244996,3992006,0.0,0.0
2021-08-03 02:11:18.244996,3992072,0.0,3.1
2021-08-03 02:11:18.401498,3992006,0.0,0.0
2021-08-03 02:11:18.401498,3992072,0.0,3.1
2021-08-03 02:11:18.558131,3992006,0.0,0.0
2021-08-03 02:11:18.558131,3992072,0.0,3.1
2021-08-03 02:11:18.714436,3992006,0.0,0.0
2021-08-03 02:11:18.714436,3992072,0.0,3.1
2021-08-03 02:11:18.870136,3992006,0.0,0.0
2021-08-03 02:11:18.870136,3992072,0.0,3.1
2021-08-03 02:11:19.026323,3992006,0.0,0.0
2021-08-03 02:11:19.026323,3992072,0.0,3.1
2021-08-03 02:11:19.182462,3992006,0.0,0.0
2021-08-03 02:11:19.182462,3992072,0.0,3.1
2021-08-03 02:11:19.338153,3992006,0.0,0.0
2021-08-03 02:11:19.338153,3992072,0.0,3.1
2021-08-03 02:11:19.494498,3992006,0.0,0.0
2021-08-03 02:11:19.494498,3992072,0.0,3.1
2021-08-03 02:11:19.649978,3992006,0.0,0.0
2021-08-03 02:11:19.649978,3992072,0.0,3.1
2021-08-03 02:11:19.806138,3992006,0.0,0.0
2021-08-03 02:11:19.806138,3992072,0.0,3.1
2021-08-03 02:11:19.963286,3992006,0.0,0.0
2021-08-03 02:11:19.963286,3992072,0.0,3.1
2021-08-03 02:11:20.119826,3992006,0.0,0.0
2021-08-03 02:11:20.119826,3992072,0.0,3.1
2021-08-03 02:11:20.277624,3992006,0.0,0.0
2021-08-03 02:11:20.277624,3992072,0.0,3.1
2021-08-03 02:11:20.434764,3992006,0.0,0.0
2021-08-03 02:11:20.434764,3992072,0.0,3.1
2021-08-03 02:11:20.591210,3992006,0.0,0.0
2021-08-03 02:11:20.591210,3992072,0.0,3.1
2021-08-03 02:11:20.747818,3992006,0.0,0.0
2021-08-03 02:11:20.747818,3992072,0.0,3.1
2021-08-03 02:11:20.905518,3992072,6.7,3.1
2021-08-03 02:11:20.905518,3992006,0.0,0.0
2021-08-03 02:11:21.062636,3992006,0.0,0.0
2021-08-03 02:11:21.062636,3992072,0.0,3.1
2021-08-03 02:11:21.220646,3992006,0.0,0.0
2021-08-03 02:11:21.220646,3992072,0.0,3.1
2021-08-03 02:11:21.377891,3992006,0.0,0.0
2021-08-03 02:11:21.377891,3992072,0.0,3.1
2021-08-03 02:11:21.535681,3992006,0.0,0.0
2021-08-03 02:11:21.535681,3992072,0.0,3.1
2021-08-03 02:11:21.693343,3992006,0.0,0.0
2021-08-03 02:11:21.693343,3992072,0.0,3.1
2021-08-03 02:11:21.850977,3992006,0.0,0.0
2021-08-03 02:11:21.850977,3992072,0.0,3.1
2021-08-03 02:11:22.009052,3992006,0.0,0.0
2021-08-03 02:11:22.009052,3992072,0.0,3.1
2021-08-03 02:11:22.166587,3992006,0.0,0.0
2021-08-03 02:11:22.166587,3992072,0.0,3.1
2021-08-03 02:11:22.323665,3992006,0.0,0.0
2021-08-03 02:11:22.323665,3992072,0.0,3.1
2021-08-03 02:11:22.480844,3992006,0.0,0.0
2021-08-03 02:11:22.480844,3992072,0.0,3.1
2021-08-03 02:11:22.637986,3992006,0.0,0.0
2021-08-03 02:11:22.637986,3992072,0.0,3.1
2021-08-03 02:11:22.797441,3992006,0.0,0.0
2021-08-03 02:11:22.797441,3992072,0.0,3.1
2021-08-03 02:11:22.954686,3992006,0.0,0.0
2021-08-03 02:11:22.954686,3992072,0.0,3.1
2021-08-03 02:11:23.112013,3992006,0.0,0.0
2021-08-03 02:11:23.112013,3992072,0.0,3.1
2021-08-03 02:11:23.269342,3992006,0.0,0.0
2021-08-03 02:11:23.269342,3992072,0.0,3.1
2021-08-03 02:11:23.426732,3992006,0.0,0.0
2021-08-03 02:11:23.426732,3992072,0.0,3.1
2021-08-03 02:11:23.584487,3992006,0.0,0.0
2021-08-03 02:11:23.584487,3992072,0.0,3.1
2021-08-03 02:11:23.741974,3992006,0.0,0.0
2021-08-03 02:11:23.741974,3992072,0.0,3.1
2021-08-03 02:11:23.898878,3992006,0.0,0.0
2021-08-03 02:11:23.898878,3992072,0.0,3.1
2021-08-03 02:11:24.056600,3992006,0.0,0.0
2021-08-03 02:11:24.056600,3992072,0.0,3.1
2021-08-03 02:11:24.213168,3992006,0.0,0.0
2021-08-03 02:11:24.213168,3992072,0.0,3.1
2021-08-03 02:11:24.370683,3992006,0.0,0.0
2021-08-03 02:11:24.370683,3992072,0.0,3.1
2021-08-03 02:11:24.529289,3992006,0.0,0.0
2021-08-03 02:11:24.529289,3992072,0.0,3.1
2021-08-03 02:11:24.687322,3992006,0.0,0.0
2021-08-03 02:11:24.687322,3992072,0.0,3.1
2021-08-03 02:11:24.845019,3992006,0.0,0.0
2021-08-03 02:11:24.845019,3992072,0.0,3.1
2021-08-03 02:11:25.003773,3992006,0.0,0.0
2021-08-03 02:11:25.003773,3992072,0.0,3.1
2021-08-03 02:11:25.160360,3992006,0.0,0.0
2021-08-03 02:11:25.160360,3992072,0.0,3.1
2021-08-03 02:11:25.317118,3992006,0.0,0.0
2021-08-03 02:11:25.317118,3992072,0.0,3.1
2021-08-03 02:11:25.473693,3992006,0.0,0.0
2021-08-03 02:11:25.473693,3992072,0.0,3.1
2021-08-03 02:11:25.631241,3992006,0.0,0.0
2021-08-03 02:11:25.631241,3992072,0.0,3.1
2021-08-03 02:11:25.787758,3992006,0.0,0.0
2021-08-03 02:11:25.787758,3992072,0.0,3.1
2021-08-03 02:11:25.946691,3992006,0.0,0.0
2021-08-03 02:11:25.946691,3992072,0.0,3.1
2021-08-03 02:11:26.103736,3992006,0.0,0.0
2021-08-03 02:11:26.103736,3992072,0.0,3.1
2021-08-03 02:11:26.260234,3992006,0.0,0.0
2021-08-03 02:11:26.260234,3992072,0.0,3.1
2021-08-03 02:11:26.416507,3992006,0.0,0.0
2021-08-03 02:11:26.416507,3992072,0.0,3.1
2021-08-03 02:11:26.574102,3992006,0.0,0.0
2021-08-03 02:11:26.574102,3992072,0.0,3.1
2021-08-03 02:11:26.731905,3992006,0.0,0.0
2021-08-03 02:11:26.731905,3992072,0.0,3.1
2021-08-03 02:11:26.889736,3992006,0.0,0.0
2021-08-03 02:11:26.889736,3992072,0.0,3.1
2021-08-03 02:11:27.046926,3992006,0.0,0.0
2021-08-03 02:11:27.046926,3992072,0.0,3.1
2021-08-03 02:11:27.204754,3992006,0.0,0.0
2021-08-03 02:11:27.204754,3992072,0.0,3.1
2021-08-03 02:11:27.361915,3992006,0.0,0.0
2021-08-03 02:11:27.361915,3992072,0.0,3.1
2021-08-03 02:11:27.519876,3992006,0.0,0.0
2021-08-03 02:11:27.519876,3992072,0.0,3.1
2021-08-03 02:11:27.677259,3992006,0.0,0.0
2021-08-03 02:11:27.677259,3992072,0.0,3.1
2021-08-03 02:11:27.834794,3992006,0.0,0.0
2021-08-03 02:11:27.834794,3992072,0.0,3.1
2021-08-03 02:11:27.991733,3992006,0.0,0.0
2021-08-03 02:11:27.991733,3992072,0.0,3.1
2021-08-03 02:11:28.148911,3992006,0.0,0.0
2021-08-03 02:11:28.148911,3992072,0.0,3.1
2021-08-03 02:11:28.306606,3992006,0.0,0.0
2021-08-03 02:11:28.306606,3992072,0.0,3.1
2021-08-03 02:11:28.464593,3992006,0.0,0.0
2021-08-03 02:11:28.464593,3992072,0.0,3.1
2021-08-03 02:11:28.621498,3992006,0.0,0.0
2021-08-03 02:11:28.621498,3992072,0.0,3.1
2021-08-03 02:11:28.779649,3992006,0.0,0.0
2021-08-03 02:11:28.779649,3992072,0.0,3.1
2021-08-03 02:11:28.937120,3992006,0.0,0.0
2021-08-03 02:11:28.937120,3992072,0.0,3.1
2021-08-03 02:11:29.093895,3992006,0.0,0.0
2021-08-03 02:11:29.093895,3992072,0.0,3.1
2021-08-03 02:11:29.250234,3992006,0.0,0.0
2021-08-03 02:11:29.250234,3992072,0.0,3.1
2021-08-03 02:11:29.407690,3992006,0.0,0.0
2021-08-03 02:11:29.407690,3992072,0.0,3.1
2021-08-03 02:11:29.565612,3992006,0.0,0.0
2021-08-03 02:11:29.565612,3992072,0.0,3.1
2021-08-03 02:11:29.722735,3992006,0.0,0.0
2021-08-03 02:11:29.722735,3992072,0.0,3.1
2021-08-03 02:11:29.880034,3992006,0.0,0.0
2021-08-03 02:11:29.880034,3992072,0.0,3.1
2021-08-03 02:11:30.036965,3992006,0.0,0.0
2021-08-03 02:11:30.036965,3992072,0.0,3.1
2021-08-03 02:11:30.195044,3992006,0.0,0.0
2021-08-03 02:11:30.195044,3992072,0.0,3.1
2021-08-03 02:11:30.351828,3992006,0.0,0.0
2021-08-03 02:11:30.351828,3992072,0.0,3.1
2021-08-03 02:11:30.509487,3992006,0.0,0.0
2021-08-03 02:11:30.509487,3992072,0.0,3.1
2021-08-03 02:11:30.666800,3992006,0.0,0.0
2021-08-03 02:11:30.666800,3992072,0.0,3.1
2021-08-03 02:11:30.823363,3992006,0.0,0.0
2021-08-03 02:11:30.823363,3992072,0.0,3.1
2021-08-03 02:11:30.980301,3992006,0.0,0.0
2021-08-03 02:11:30.980301,3992072,0.0,3.1
2021-08-03 02:11:31.138845,3992006,0.0,0.0
2021-08-03 02:11:31.138845,3992072,0.0,3.1
2021-08-03 02:11:31.296470,3992006,0.0,0.0
2021-08-03 02:11:31.296470,3992072,0.0,3.1
2021-08-03 02:11:31.453701,3992006,0.0,0.0
2021-08-03 02:11:31.453701,3992072,0.0,3.1
2021-08-03 02:11:31.611040,3992006,0.0,0.0
2021-08-03 02:11:31.611040,3992072,0.0,3.1
2021-08-03 02:11:31.769070,3992006,0.0,0.0
2021-08-03 02:11:31.769070,3992072,0.0,3.1
2021-08-03 02:11:31.926645,3992006,0.0,0.0
2021-08-03 02:11:31.926645,3992072,0.0,3.1
2021-08-03 02:11:32.083815,3992006,0.0,0.0
2021-08-03 02:11:32.083815,3992072,0.0,3.1
2021-08-03 02:11:32.240281,3992006,0.0,0.0
2021-08-03 02:11:32.240281,3992072,0.0,3.1
2021-08-03 02:11:32.397164,3992006,0.0,0.0
2021-08-03 02:11:32.397164,3992072,0.0,3.1
2021-08-03 02:11:32.554038,3992006,0.0,0.0
2021-08-03 02:11:32.554038,3992072,0.0,3.1
2021-08-03 02:11:32.710519,3992006,0.0,0.0
2021-08-03 02:11:32.710519,3992072,0.0,3.1
2021-08-03 02:11:32.868346,3992006,0.0,0.0
2021-08-03 02:11:32.868346,3992072,0.0,3.1
2021-08-03 02:11:33.026501,3992006,0.0,0.0
2021-08-03 02:11:33.026501,3992072,0.0,3.1
2021-08-03 02:11:33.183753,3992006,0.0,0.0
2021-08-03 02:11:33.183753,3992072,0.0,3.1
2021-08-03 02:11:33.340022,3992006,0.0,0.0
2021-08-03 02:11:33.340022,3992072,0.0,3.1
2021-08-03 02:11:33.495982,3992006,0.0,0.0
2021-08-03 02:11:33.495982,3992072,0.0,3.1
2021-08-03 02:11:33.651869,3992006,0.0,0.0
2021-08-03 02:11:33.651869,3992072,0.0,3.1
2021-08-03 02:11:33.807564,3992006,0.0,0.0
2021-08-03 02:11:33.807564,3992072,0.0,3.1
2021-08-03 02:11:33.962902,3992006,0.0,0.0
2021-08-03 02:11:33.962902,3992072,0.0,3.1
2021-08-03 02:11:34.118654,3992006,0.0,0.0
2021-08-03 02:11:34.118654,3992072,0.0,3.1
2021-08-03 02:11:34.273869,3992006,0.0,0.0
2021-08-03 02:11:34.273869,3992072,0.0,3.1
2021-08-03 02:11:34.429041,3992006,0.0,0.0
2021-08-03 02:11:34.429041,3992072,0.0,3.1
2021-08-03 02:11:34.584649,3992006,0.0,0.0
2021-08-03 02:11:34.584649,3992072,0.0,3.1
2021-08-03 02:11:34.740291,3992006,0.0,0.0
2021-08-03 02:11:34.740291,3992072,0.0,3.1
2021-08-03 02:11:34.894966,3992006,0.0,0.0
2021-08-03 02:11:34.894966,3992072,0.0,3.1
2021-08-03 02:11:35.050563,3992006,0.0,0.0
2021-08-03 02:11:35.050563,3992072,0.0,3.1
2021-08-03 02:11:35.205941,3992006,0.0,0.0
2021-08-03 02:11:35.205941,3992072,0.0,3.1
2021-08-03 02:11:35.361156,3992006,0.0,0.0
2021-08-03 02:11:35.361156,3992072,0.0,3.1
2021-08-03 02:11:35.516518,3992006,0.0,0.0
2021-08-03 02:11:35.516518,3992072,0.0,3.1
2021-08-03 02:11:35.671786,3992006,0.0,0.0
2021-08-03 02:11:35.671786,3992072,0.0,3.1
2021-08-03 02:11:35.827618,3992006,0.0,0.0
2021-08-03 02:11:35.827618,3992072,0.0,3.1
2021-08-03 02:11:35.982675,3992006,0.0,0.0
2021-08-03 02:11:35.982675,3992072,0.0,3.1
2021-08-03 02:11:36.137569,3992006,0.0,0.0
2021-08-03 02:11:36.137569,3992072,0.0,3.1
2021-08-03 02:11:36.292788,3992006,0.0,0.0
2021-08-03 02:11:36.292788,3992072,0.0,3.1
2021-08-03 02:11:36.448663,3992006,0.0,0.0
2021-08-03 02:11:36.448663,3992072,0.0,3.1
2021-08-03 02:11:36.604273,3992006,0.0,0.0
2021-08-03 02:11:36.604273,3992072,0.0,3.1
2021-08-03 02:11:36.759751,3992006,0.0,0.0
2021-08-03 02:11:36.759751,3992072,0.0,3.1
2021-08-03 02:11:36.914197,3992006,0.0,0.0
2021-08-03 02:11:36.914197,3992072,0.0,3.1
2021-08-03 02:11:37.068871,3992006,0.0,0.0
2021-08-03 02:11:37.068871,3992072,0.0,3.1
2021-08-03 02:11:37.224454,3992006,0.0,0.0
2021-08-03 02:11:37.224454,3992072,0.0,3.1
2021-08-03 02:11:37.379995,3992006,0.0,0.0
2021-08-03 02:11:37.379995,3992072,0.0,3.1
2021-08-03 02:11:37.534574,3992006,0.0,0.0
2021-08-03 02:11:37.534574,3992072,0.0,3.1
2021-08-03 02:11:37.690208,3992006,0.0,0.0
2021-08-03 02:11:37.690208,3992072,0.0,3.1
2021-08-03 02:11:37.845527,3992006,0.0,0.0
2021-08-03 02:11:37.845527,3992072,0.0,3.1
2021-08-03 02:11:38.000808,3992006,0.0,0.0
2021-08-03 02:11:38.000808,3992072,0.0,3.1
2021-08-03 02:11:38.155885,3992006,0.0,0.0
2021-08-03 02:11:38.155885,3992072,0.0,3.1
2021-08-03 02:11:38.311380,3992006,0.0,0.0
2021-08-03 02:11:38.311380,3992072,0.0,3.1
2021-08-03 02:11:38.466970,3992006,0.0,0.0
2021-08-03 02:11:38.466970,3992072,0.0,3.1
2021-08-03 02:11:38.622504,3992006,0.0,0.0
2021-08-03 02:11:38.622504,3992072,0.0,3.1
2021-08-03 02:11:38.777794,3992006,0.0,0.0
2021-08-03 02:11:38.777794,3992072,0.0,3.1
2021-08-03 02:11:38.934458,3992006,0.0,0.0
2021-08-03 02:11:38.934458,3992072,0.0,3.1
2021-08-03 02:11:39.090749,3992006,0.0,0.0
2021-08-03 02:11:39.090749,3992072,0.0,3.1
2021-08-03 02:11:39.247304,3992006,0.0,0.0
2021-08-03 02:11:39.247304,3992072,0.0,3.1
2021-08-03 02:11:39.403085,3992006,0.0,0.0
2021-08-03 02:11:39.403085,3992072,0.0,3.1
2021-08-03 02:11:39.559018,3992006,0.0,0.0
2021-08-03 02:11:39.559018,3992072,0.0,3.1
2021-08-03 02:11:39.715558,3992006,0.0,0.0
2021-08-03 02:11:39.715558,3992072,0.0,3.1
2021-08-03 02:11:39.871330,3992006,0.0,0.0
2021-08-03 02:11:39.871330,3992072,0.0,3.1
2021-08-03 02:11:40.027297,3992006,0.0,0.0
2021-08-03 02:11:40.027297,3992072,0.0,3.1
2021-08-03 02:11:40.183696,3992006,0.0,0.0
2021-08-03 02:11:40.183696,3992072,0.0,3.1
2021-08-03 02:11:40.339971,3992006,0.0,0.0
2021-08-03 02:11:40.339971,3992072,0.0,3.1
2021-08-03 02:11:40.496070,3992006,0.0,0.0
2021-08-03 02:11:40.496070,3992072,0.0,3.1
2021-08-03 02:11:40.651572,3992006,0.0,0.0
2021-08-03 02:11:40.651572,3992072,0.0,3.1
2021-08-03 02:11:40.807719,3992006,0.0,0.0
2021-08-03 02:11:40.807719,3992072,0.0,3.1
2021-08-03 02:11:40.963102,3992006,0.0,0.0
2021-08-03 02:11:40.963102,3992072,0.0,3.1
2021-08-03 02:11:41.119273,3992006,0.0,0.0
2021-08-03 02:11:41.119273,3992072,0.0,3.1
2021-08-03 02:11:41.275415,3992006,0.0,0.0
2021-08-03 02:11:41.275415,3992072,0.0,3.1
2021-08-03 02:11:41.431743,3992006,0.0,0.0
2021-08-03 02:11:41.431743,3992072,0.0,3.1
2021-08-03 02:11:41.587903,3992006,0.0,0.0
2021-08-03 02:11:41.587903,3992072,0.0,3.1
2021-08-03 02:11:41.744097,3992006,0.0,0.0
2021-08-03 02:11:41.744097,3992072,0.0,3.1
2021-08-03 02:11:41.900552,3992006,0.0,0.0
2021-08-03 02:11:41.900552,3992072,0.0,3.1
2021-08-03 02:11:42.058561,3992006,0.0,0.0
2021-08-03 02:11:42.058561,3992072,0.0,3.1
2021-08-03 02:11:42.216173,3992006,0.0,0.0
2021-08-03 02:11:42.216173,3992072,0.0,3.1
2021-08-03 02:11:42.374722,3992006,0.0,0.0
2021-08-03 02:11:42.374722,3992072,0.0,3.1
2021-08-03 02:11:42.532102,3992006,0.0,0.0
2021-08-03 02:11:42.532102,3992072,0.0,3.1
2021-08-03 02:11:42.688728,3992006,0.0,0.0
2021-08-03 02:11:42.688728,3992072,0.0,3.1
2021-08-03 02:11:42.846350,3992006,0.0,0.0
2021-08-03 02:11:42.846350,3992072,0.0,3.1
2021-08-03 02:11:43.004477,3992006,0.0,0.0
2021-08-03 02:11:43.004477,3992072,0.0,3.1
2021-08-03 02:11:43.160991,3992006,0.0,0.0
2021-08-03 02:11:43.160991,3992072,0.0,3.1
2021-08-03 02:11:43.318030,3992006,0.0,0.0
2021-08-03 02:11:43.318030,3992072,0.0,3.1
2021-08-03 02:11:43.475014,3992006,0.0,0.0
2021-08-03 02:11:43.475014,3992072,0.0,3.1
2021-08-03 02:11:43.632609,3992006,0.0,0.0
2021-08-03 02:11:43.632609,3992072,0.0,3.1
2021-08-03 02:11:43.790418,3992006,0.0,0.0
2021-08-03 02:11:43.790418,3992072,0.0,3.1
2021-08-03 02:11:43.947456,3992006,0.0,0.0
2021-08-03 02:11:43.947456,3992072,0.0,3.1
2021-08-03 02:11:44.104947,3992006,0.0,0.0
2021-08-03 02:11:44.104947,3992072,0.0,3.1
2021-08-03 02:11:44.262510,3992006,0.0,0.0
2021-08-03 02:11:44.262510,3992072,0.0,3.1
2021-08-03 02:11:44.420863,3992006,0.0,0.0
2021-08-03 02:11:44.420863,3992072,0.0,3.1
2021-08-03 02:11:44.578731,3992006,0.0,0.0
2021-08-03 02:11:44.578731,3992072,0.0,3.1
2021-08-03 02:11:44.735214,3992006,0.0,0.0
2021-08-03 02:11:44.735214,3992072,0.0,3.1
2021-08-03 02:11:44.893117,3992006,0.0,0.0
2021-08-03 02:11:44.893117,3992072,0.0,3.1
2021-08-03 02:11:45.050988,3992006,0.0,0.0
2021-08-03 02:11:45.050988,3992072,0.0,3.1
2021-08-03 02:11:45.209045,3992006,0.0,0.0
2021-08-03 02:11:45.209045,3992072,0.0,3.1
2021-08-03 02:11:45.365840,3992006,0.0,0.0
2021-08-03 02:11:45.365840,3992072,0.0,3.1
2021-08-03 02:11:45.523481,3992006,0.0,0.0
2021-08-03 02:11:45.523481,3992072,0.0,3.1
2021-08-03 02:11:45.681507,3992006,0.0,0.0
2021-08-03 02:11:45.681507,3992072,0.0,3.1
2021-08-03 02:11:45.838031,3992006,0.0,0.0
2021-08-03 02:11:45.838031,3992072,0.0,3.1
2021-08-03 02:11:45.994590,3992006,0.0,0.0
2021-08-03 02:11:45.994590,3992072,0.0,3.1
2021-08-03 02:11:46.152010,3992006,0.0,0.0
2021-08-03 02:11:46.152010,3992072,0.0,3.1
2021-08-03 02:11:46.308541,3992006,0.0,0.0
2021-08-03 02:11:46.308541,3992072,0.0,3.1
2021-08-03 02:11:46.466531,3992006,0.0,0.0
2021-08-03 02:11:46.466531,3992072,0.0,3.1
2021-08-03 02:11:46.623671,3992006,0.0,0.0
2021-08-03 02:11:46.623671,3992072,0.0,3.1
2021-08-03 02:11:46.780379,3992006,0.0,0.0
2021-08-03 02:11:46.780379,3992072,0.0,3.1
2021-08-03 02:11:46.938666,3992006,0.0,0.0
2021-08-03 02:11:46.938666,3992072,0.0,3.1
2021-08-03 02:11:47.096342,3992006,0.0,0.0
2021-08-03 02:11:47.096342,3992072,0.0,3.1
2021-08-03 02:11:47.253001,3992006,0.0,0.0
2021-08-03 02:11:47.253001,3992072,0.0,3.1
2021-08-03 02:11:47.409747,3992006,0.0,0.0
2021-08-03 02:11:47.409747,3992072,0.0,3.1
2021-08-03 02:11:47.566664,3992006,0.0,0.0
2021-08-03 02:11:47.566664,3992072,0.0,3.1
2021-08-03 02:11:47.723728,3992006,0.0,0.0
2021-08-03 02:11:47.723728,3992072,0.0,3.1
2021-08-03 02:11:47.886145,3992006,0.0,0.0
2021-08-03 02:11:47.886145,3992072,0.0,3.1
2021-08-03 02:11:48.042853,3992006,0.0,0.0
2021-08-03 02:11:48.042853,3992072,0.0,3.1
2021-08-03 02:11:48.199432,3992006,0.0,0.0
2021-08-03 02:11:48.199432,3992072,0.0,3.1
2021-08-03 02:11:48.357517,3992006,0.0,0.0
2021-08-03 02:11:48.357517,3992072,0.0,3.1
2021-08-03 02:11:48.514722,3992006,0.0,0.0
2021-08-03 02:11:48.514722,3992072,0.0,3.1
2021-08-03 02:11:48.672040,3992072,6.7,3.1
2021-08-03 02:11:48.672040,3992006,0.0,0.0
2021-08-03 02:11:48.829817,3992006,0.0,0.0
2021-08-03 02:11:48.829817,3992072,0.0,3.1
2021-08-03 02:11:48.986926,3992006,0.0,0.0
2021-08-03 02:11:48.986926,3992072,0.0,3.1
2021-08-03 02:11:49.144425,3992006,0.0,0.0
2021-08-03 02:11:49.144425,3992072,0.0,3.1
2021-08-03 02:11:49.301903,3992006,0.0,0.0
2021-08-03 02:11:49.301903,3992072,0.0,3.1
2021-08-03 02:11:49.458242,3992006,0.0,0.0
2021-08-03 02:11:49.458242,3992072,0.0,3.1
2021-08-03 02:11:49.615778,3992006,0.0,0.0
2021-08-03 02:11:49.615778,3992072,0.0,3.1
2021-08-03 02:11:49.773611,3992006,0.0,0.0
2021-08-03 02:11:49.773611,3992072,0.0,3.1
2021-08-03 02:11:49.931350,3992006,0.0,0.0
2021-08-03 02:11:49.931350,3992072,0.0,3.1
2021-08-03 02:11:50.098262,3992006,0.0,0.0
2021-08-03 02:11:50.098262,3992072,0.0,3.1
2021-08-03 02:11:50.254616,3992006,0.0,0.0
2021-08-03 02:11:50.254616,3992072,0.0,3.1
2021-08-03 02:11:50.412040,3992006,0.0,0.0
2021-08-03 02:11:50.412040,3992072,0.0,3.1
2021-08-03 02:11:50.568579,3992006,0.0,0.0
2021-08-03 02:11:50.568579,3992072,0.0,3.1
2021-08-03 02:11:50.726286,3992006,0.0,0.0
2021-08-03 02:11:50.726286,3992072,0.0,3.1
2021-08-03 02:11:50.883814,3992006,0.0,0.0
2021-08-03 02:11:50.883814,3992072,0.0,3.1
2021-08-03 02:11:51.042873,3992006,0.0,0.0
2021-08-03 02:11:51.042873,3992072,0.0,3.1
2021-08-03 02:11:51.199518,3992006,0.0,0.0
2021-08-03 02:11:51.199518,3992072,0.0,3.1
2021-08-03 02:11:51.356300,3992006,0.0,0.0
2021-08-03 02:11:51.356300,3992072,0.0,3.1
2021-08-03 02:11:51.513011,3992006,0.0,0.0
2021-08-03 02:11:51.513011,3992072,0.0,3.1
2021-08-03 02:11:51.669324,3992006,0.0,0.0
2021-08-03 02:11:51.669324,3992072,0.0,3.1
2021-08-03 02:11:51.827279,3992006,0.0,0.0
2021-08-03 02:11:51.827279,3992072,0.0,3.1
2021-08-03 02:11:51.985266,3992006,0.0,0.0
2021-08-03 02:11:51.985266,3992072,0.0,3.1
2021-08-03 02:11:52.142633,3992006,0.0,0.0
2021-08-03 02:11:52.142633,3992072,0.0,3.1
2021-08-03 02:11:52.300739,3992006,0.0,0.0
2021-08-03 02:11:52.300739,3992072,0.0,3.1
2021-08-03 02:11:52.458993,3992006,0.0,0.0
2021-08-03 02:11:52.458993,3992072,0.0,3.1
2021-08-03 02:11:52.616182,3992006,0.0,0.0
2021-08-03 02:11:52.616182,3992072,0.0,3.1
2021-08-03 02:11:52.772964,3992006,0.0,0.0
2021-08-03 02:11:52.772964,3992072,0.0,3.1
2021-08-03 02:11:52.930817,3992006,0.0,0.0
2021-08-03 02:11:52.930817,3992072,0.0,3.1
2021-08-03 02:11:53.088536,3992006,0.0,0.0
2021-08-03 02:11:53.088536,3992072,0.0,3.1
2021-08-03 02:11:53.246231,3992006,0.0,0.0
2021-08-03 02:11:53.246231,3992072,0.0,3.1
2021-08-03 02:11:53.404180,3992006,0.0,0.0
2021-08-03 02:11:53.404180,3992072,0.0,3.1
2021-08-03 02:11:53.561423,3992006,0.0,0.0
2021-08-03 02:11:53.561423,3992072,0.0,3.1
2021-08-03 02:11:53.719165,3992006,0.0,0.0
2021-08-03 02:11:53.719165,3992072,0.0,3.1
2021-08-03 02:11:53.876853,3992006,0.0,0.0
2021-08-03 02:11:53.876853,3992072,0.0,3.1
2021-08-03 02:11:54.033347,3992006,0.0,0.0
2021-08-03 02:11:54.033347,3992072,0.0,3.1
2021-08-03 02:11:54.190673,3992006,0.0,0.0
2021-08-03 02:11:54.190673,3992072,0.0,3.1
2021-08-03 02:11:54.348221,3992006,0.0,0.0
2021-08-03 02:11:54.348221,3992072,0.0,3.1
2021-08-03 02:11:54.505329,3992006,0.0,0.0
2021-08-03 02:11:54.505329,3992072,0.0,3.1
2021-08-03 02:11:54.662327,3992006,0.0,0.0
2021-08-03 02:11:54.662327,3992072,0.0,3.1
2021-08-03 02:11:54.819116,3992006,0.0,0.0
2021-08-03 02:11:54.819116,3992072,0.0,3.1
2021-08-03 02:11:54.976534,3992006,0.0,0.0
2021-08-03 02:11:54.976534,3992072,0.0,3.1
2021-08-03 02:11:55.134138,3992006,0.0,0.0
2021-08-03 02:11:55.134138,3992072,0.0,3.1
2021-08-03 02:11:55.293268,3992006,0.0,0.0
2021-08-03 02:11:55.293268,3992072,0.0,3.1
2021-08-03 02:11:55.450001,3992006,0.0,0.0
2021-08-03 02:11:55.450001,3992072,0.0,3.1
2021-08-03 02:11:55.606315,3992006,0.0,0.0
2021-08-03 02:11:55.606315,3992072,0.0,3.1
2021-08-03 02:11:55.764636,3992006,0.0,0.0
2021-08-03 02:11:55.764636,3992072,0.0,3.1
2021-08-03 02:11:55.921553,3992006,0.0,0.0
2021-08-03 02:11:55.921553,3992072,0.0,3.1
2021-08-03 02:11:56.080805,3992006,0.0,0.0
2021-08-03 02:11:56.080805,3992072,0.0,3.1
2021-08-03 02:11:56.238582,3992006,0.0,0.0
2021-08-03 02:11:56.238582,3992072,0.0,3.1
2021-08-03 02:11:56.395962,3992006,0.0,0.0
2021-08-03 02:11:56.395962,3992072,0.0,3.1
2021-08-03 02:11:56.552868,3992006,0.0,0.0
2021-08-03 02:11:56.552868,3992072,0.0,3.1
2021-08-03 02:11:56.711573,3992006,0.0,0.0
2021-08-03 02:11:56.711573,3992072,0.0,3.1
2021-08-03 02:11:56.869774,3992006,0.0,0.0
2021-08-03 02:11:56.869774,3992072,0.0,3.1
2021-08-03 02:11:57.026985,3992006,0.0,0.0
2021-08-03 02:11:57.026985,3992072,0.0,3.1
2021-08-03 02:11:57.182841,3992006,0.0,0.0
2021-08-03 02:11:57.182841,3992072,0.0,3.1
2021-08-03 02:11:57.337759,3992006,0.0,0.0
2021-08-03 02:11:57.337759,3992072,0.0,3.1
2021-08-03 02:11:57.493168,3992006,0.0,0.0
2021-08-03 02:11:57.493168,3992072,0.0,3.1
2021-08-03 02:11:57.648120,3992006,0.0,0.0
2021-08-03 02:11:57.648120,3992072,0.0,3.1
2021-08-03 02:11:57.803690,3992006,0.0,0.0
2021-08-03 02:11:57.803690,3992072,0.0,3.1
2021-08-03 02:11:57.958878,3992006,0.0,0.0
2021-08-03 02:11:57.958878,3992072,0.0,3.1
2021-08-03 02:11:58.113450,3992006,0.0,0.0
2021-08-03 02:11:58.113450,3992072,0.0,3.1
2021-08-03 02:11:58.268102,3992006,0.0,0.0
2021-08-03 02:11:58.268102,3992072,0.0,3.1
2021-08-03 02:11:58.424160,3992006,0.0,0.0
2021-08-03 02:11:58.424160,3992072,0.0,3.1
2021-08-03 02:11:58.579806,3992006,0.0,0.0
2021-08-03 02:11:58.579806,3992072,0.0,3.1
2021-08-03 02:11:58.735386,3992006,0.0,0.0
2021-08-03 02:11:58.735386,3992072,0.0,3.1
2021-08-03 02:11:58.891052,3992006,0.0,0.0
2021-08-03 02:11:58.891052,3992072,0.0,3.1
2021-08-03 02:11:59.046233,3992006,0.0,0.0
2021-08-03 02:11:59.046233,3992072,0.0,3.1
2021-08-03 02:11:59.201657,3992006,0.0,0.0
2021-08-03 02:11:59.201657,3992072,0.0,3.1
2021-08-03 02:11:59.356733,3992006,0.0,0.0
2021-08-03 02:11:59.356733,3992072,0.0,3.1
2021-08-03 02:11:59.512324,3992006,0.0,0.0
2021-08-03 02:11:59.512324,3992072,0.0,3.1
2021-08-03 02:11:59.667108,3992006,0.0,0.0
2021-08-03 02:11:59.667108,3992072,0.0,3.1
2021-08-03 02:11:59.822398,3992006,0.0,0.0
2021-08-03 02:11:59.822398,3992072,0.0,3.1
2021-08-03 02:11:59.977992,3992006,0.0,0.0
2021-08-03 02:11:59.977992,3992072,0.0,3.1
2021-08-03 02:12:00.132823,3992006,0.0,0.0
2021-08-03 02:12:00.132823,3992072,0.0,3.1
2021-08-03 02:12:00.288245,3992006,0.0,0.0
2021-08-03 02:12:00.288245,3992072,0.0,3.1
2021-08-03 02:12:00.443700,3992006,0.0,0.0
2021-08-03 02:12:00.443700,3992072,0.0,3.1
2021-08-03 02:12:00.598957,3992006,0.0,0.0
2021-08-03 02:12:00.598957,3992072,0.0,3.1
2021-08-03 02:12:00.753794,3992006,0.0,0.0
2021-08-03 02:12:00.753794,3992072,0.0,3.1
2021-08-03 02:12:00.909367,3992006,0.0,0.0
2021-08-03 02:12:00.909367,3992072,0.0,3.1
2021-08-03 02:12:01.065020,3992006,0.0,0.0
2021-08-03 02:12:01.065020,3992072,0.0,3.1
2021-08-03 02:12:01.219713,3992006,0.0,0.0
2021-08-03 02:12:01.219713,3992072,0.0,3.1
2021-08-03 02:12:01.374530,3992006,0.0,0.0
2021-08-03 02:12:01.374530,3992072,0.0,3.1
2021-08-03 02:12:01.529293,3992006,0.0,0.0
2021-08-03 02:12:01.529293,3992072,0.0,3.1
2021-08-03 02:12:01.684378,3992006,0.0,0.0
2021-08-03 02:12:01.684378,3992072,0.0,3.1
2021-08-03 02:12:01.839440,3992006,0.0,0.0
2021-08-03 02:12:01.839440,3992072,0.0,3.1
2021-08-03 02:12:01.994828,3992006,0.0,0.0
2021-08-03 02:12:01.994828,3992072,0.0,3.1
2021-08-03 02:12:02.150862,3992006,0.0,0.0
2021-08-03 02:12:02.150862,3992072,0.0,3.1
2021-08-03 02:12:02.306548,3992006,0.0,0.0
2021-08-03 02:12:02.306548,3992072,0.0,3.1
2021-08-03 02:12:02.461173,3992006,0.0,0.0
2021-08-03 02:12:02.461173,3992072,0.0,3.1
2021-08-03 02:12:02.617106,3992006,0.0,0.0
2021-08-03 02:12:02.617106,3992072,0.0,3.1
2021-08-03 02:12:02.774690,3992006,0.0,0.0
2021-08-03 02:12:02.774690,3992072,0.0,3.1
2021-08-03 02:12:02.930182,3992006,0.0,0.0
2021-08-03 02:12:02.930182,3992072,0.0,3.1
2021-08-03 02:12:03.085854,3992006,0.0,0.0
2021-08-03 02:12:03.085854,3992072,0.0,3.1
2021-08-03 02:12:03.241575,3992006,0.0,0.0
2021-08-03 02:12:03.241575,3992072,0.0,3.1
2021-08-03 02:12:03.396696,3992006,0.0,0.0
2021-08-03 02:12:03.396696,3992072,0.0,3.1
2021-08-03 02:12:03.551398,3992006,0.0,0.0
2021-08-03 02:12:03.551398,3992072,0.0,3.1
2021-08-03 02:12:03.706937,3992006,0.0,0.0
2021-08-03 02:12:03.706937,3992072,0.0,3.1
2021-08-03 02:12:03.861836,3992006,0.0,0.0
2021-08-03 02:12:03.861836,3992072,0.0,3.1
2021-08-03 02:12:04.017511,3992006,0.0,0.0
2021-08-03 02:12:04.017511,3992072,0.0,3.1
2021-08-03 02:12:04.173039,3992006,0.0,0.0
2021-08-03 02:12:04.173039,3992072,0.0,3.1
2021-08-03 02:12:04.329633,3992006,0.0,0.0
2021-08-03 02:12:04.329633,3992072,0.0,3.1
2021-08-03 02:12:04.486176,3992006,0.0,0.0
2021-08-03 02:12:04.486176,3992072,0.0,3.1
2021-08-03 02:12:04.641864,3992006,0.0,0.0
2021-08-03 02:12:04.641864,3992072,0.0,3.1
2021-08-03 02:12:04.798627,3992006,0.0,0.0
2021-08-03 02:12:04.798627,3992072,0.0,3.1
2021-08-03 02:12:04.955076,3992006,0.0,0.0
2021-08-03 02:12:04.955076,3992072,0.0,3.1
2021-08-03 02:12:05.111587,3992006,0.0,0.0
2021-08-03 02:12:05.111587,3992072,0.0,3.1
2021-08-03 02:12:05.267917,3992006,0.0,0.0
2021-08-03 02:12:05.267917,3992072,0.0,3.1
2021-08-03 02:12:05.424533,3992006,0.0,0.0
2021-08-03 02:12:05.424533,3992072,0.0,3.1
2021-08-03 02:12:05.580102,3992006,0.0,0.0
2021-08-03 02:12:05.580102,3992072,0.0,3.1
2021-08-03 02:12:05.735257,3992006,0.0,0.0
2021-08-03 02:12:05.735257,3992072,0.0,3.1
2021-08-03 02:12:05.891087,3992006,0.0,0.0
2021-08-03 02:12:05.891087,3992072,0.0,3.1
2021-08-03 02:12:06.046102,3992006,0.0,0.0
2021-08-03 02:12:06.046102,3992072,0.0,3.1
2021-08-03 02:12:06.201123,3992006,0.0,0.0
2021-08-03 02:12:06.201123,3992072,0.0,3.1
2021-08-03 02:12:06.356841,3992006,0.0,0.0
2021-08-03 02:12:06.356841,3992072,0.0,3.1
2021-08-03 02:12:06.511616,3992006,0.0,0.0
2021-08-03 02:12:06.511616,3992072,0.0,3.1
2021-08-03 02:12:06.667659,3992006,0.0,0.0
2021-08-03 02:12:06.667659,3992072,0.0,3.1
2021-08-03 02:12:06.823655,3992006,0.0,0.0
2021-08-03 02:12:06.823655,3992072,0.0,3.1
2021-08-03 02:12:06.979335,3992006,0.0,0.0
2021-08-03 02:12:06.979335,3992072,0.0,3.1
2021-08-03 02:12:07.134273,3992006,0.0,0.0
2021-08-03 02:12:07.134273,3992072,0.0,3.1
2021-08-03 02:12:07.289775,3992006,0.0,0.0
2021-08-03 02:12:07.289775,3992072,0.0,3.1
2021-08-03 02:12:07.444327,3992006,0.0,0.0
2021-08-03 02:12:07.444327,3992072,0.0,3.1
2021-08-03 02:12:07.600138,3992006,0.0,0.0
2021-08-03 02:12:07.600138,3992072,0.0,3.1
2021-08-03 02:12:07.755757,3992006,0.0,0.0
2021-08-03 02:12:07.755757,3992072,0.0,3.1
2021-08-03 02:12:07.911382,3992006,0.0,0.0
2021-08-03 02:12:07.911382,3992072,0.0,3.1
2021-08-03 02:12:08.067007,3992006,0.0,0.0
2021-08-03 02:12:08.067007,3992072,0.0,3.1
2021-08-03 02:12:08.221678,3992006,0.0,0.0
2021-08-03 02:12:08.221678,3992072,0.0,3.1
2021-08-03 02:12:08.376523,3992006,0.0,0.0
2021-08-03 02:12:08.376523,3992072,0.0,3.1
2021-08-03 02:12:08.531342,3992006,0.0,0.0
2021-08-03 02:12:08.531342,3992072,0.0,3.1
2021-08-03 02:12:08.686874,3992006,0.0,0.0
2021-08-03 02:12:08.686874,3992072,0.0,3.1
2021-08-03 02:12:08.841752,3992006,0.0,0.0
2021-08-03 02:12:08.841752,3992072,0.0,3.1
2021-08-03 02:12:08.997883,3992006,0.0,0.0
2021-08-03 02:12:08.997883,3992072,0.0,3.1
2021-08-03 02:12:09.154046,3992006,0.0,0.0
2021-08-03 02:12:09.154046,3992072,0.0,3.1
2021-08-03 02:12:09.310408,3992006,0.0,0.0
2021-08-03 02:12:09.310408,3992072,0.0,3.1
2021-08-03 02:12:09.466595,3992006,0.0,0.0
2021-08-03 02:12:09.466595,3992072,0.0,3.1
2021-08-03 02:12:09.621962,3992006,0.0,0.0
2021-08-03 02:12:09.621962,3992072,0.0,3.1
2021-08-03 02:12:09.778295,3992006,0.0,0.0
2021-08-03 02:12:09.778295,3992072,0.0,3.1
2021-08-03 02:12:09.933959,3992006,0.0,0.0
2021-08-03 02:12:09.933959,3992072,0.0,3.1
2021-08-03 02:12:10.090132,3992006,0.0,0.0
2021-08-03 02:12:10.090132,3992072,0.0,3.1
2021-08-03 02:12:10.245516,3992006,0.0,0.0
2021-08-03 02:12:10.245516,3992072,0.0,3.1
2021-08-03 02:12:10.402127,3992006,0.0,0.0
2021-08-03 02:12:10.402127,3992072,0.0,3.1
2021-08-03 02:12:10.558396,3992006,0.0,0.0
2021-08-03 02:12:10.558396,3992072,0.0,3.1
2021-08-03 02:12:10.713910,3992006,0.0,0.0
2021-08-03 02:12:10.713910,3992072,0.0,3.1
2021-08-03 02:12:10.870094,3992006,0.0,0.0
2021-08-03 02:12:10.870094,3992072,0.0,3.1
2021-08-03 02:12:11.025605,3992006,0.0,0.0
2021-08-03 02:12:11.025605,3992072,0.0,3.1
2021-08-03 02:12:11.182777,3992006,0.0,0.0
2021-08-03 02:12:11.182777,3992072,0.0,3.1
2021-08-03 02:12:11.339691,3992006,0.0,0.0
2021-08-03 02:12:11.339691,3992072,0.0,3.1
2021-08-03 02:12:11.497372,3992006,0.0,0.0
2021-08-03 02:12:11.497372,3992072,0.0,3.1
2021-08-03 02:12:11.655177,3992006,0.0,0.0
2021-08-03 02:12:11.655177,3992072,0.0,3.1
2021-08-03 02:12:11.813364,3992006,0.0,0.0
2021-08-03 02:12:11.813364,3992072,0.0,3.1
2021-08-03 02:12:11.969997,3992006,0.0,0.0
2021-08-03 02:12:11.969997,3992072,0.0,3.1
2021-08-03 02:12:12.128328,3992006,0.0,0.0
2021-08-03 02:12:12.128328,3992072,0.0,3.1
2021-08-03 02:12:12.286212,3992006,0.0,0.0
2021-08-03 02:12:12.286212,3992072,0.0,3.1
2021-08-03 02:12:12.442797,3992006,0.0,0.0
2021-08-03 02:12:12.442797,3992072,0.0,3.1
2021-08-03 02:12:12.599344,3992006,0.0,0.0
2021-08-03 02:12:12.599344,3992072,0.0,3.1
2021-08-03 02:12:12.756765,3992006,0.0,0.0
2021-08-03 02:12:12.756765,3992072,0.0,3.1
2021-08-03 02:12:12.914621,3992006,0.0,0.0
2021-08-03 02:12:12.914621,3992072,0.0,3.1
2021-08-03 02:12:13.072807,3992006,0.0,0.0
2021-08-03 02:12:13.072807,3992072,0.0,3.1
2021-08-03 02:12:13.229905,3992006,0.0,0.0
2021-08-03 02:12:13.229905,3992072,0.0,3.1
2021-08-03 02:12:13.386627,3992006,0.0,0.0
2021-08-03 02:12:13.386627,3992072,0.0,3.1
2021-08-03 02:12:13.546529,3992006,0.0,0.0
2021-08-03 02:12:13.546529,3992072,0.0,3.1
2021-08-03 02:12:13.702867,3992006,0.0,0.0
2021-08-03 02:12:13.702867,3992072,0.0,3.1
2021-08-03 02:12:13.860500,3992006,0.0,0.0
2021-08-03 02:12:13.860500,3992072,0.0,3.1
2021-08-03 02:12:14.018221,3992006,0.0,0.0
2021-08-03 02:12:14.018221,3992072,0.0,3.1
2021-08-03 02:12:14.175830,3992006,0.0,0.0
2021-08-03 02:12:14.175830,3992072,0.0,3.1
2021-08-03 02:12:14.332504,3992006,0.0,0.0
2021-08-03 02:12:14.332504,3992072,0.0,3.1
2021-08-03 02:12:14.489330,3992006,0.0,0.0
2021-08-03 02:12:14.489330,3992072,0.0,3.1
2021-08-03 02:12:14.645884,3992006,0.0,0.0
2021-08-03 02:12:14.645884,3992072,0.0,3.1
2021-08-03 02:12:14.803704,3992006,0.0,0.0
2021-08-03 02:12:14.803704,3992072,0.0,3.1
2021-08-03 02:12:14.962283,3992006,0.0,0.0
2021-08-03 02:12:14.962283,3992072,0.0,3.1
2021-08-03 02:12:15.119160,3992006,0.0,0.0
2021-08-03 02:12:15.119160,3992072,0.0,3.1
2021-08-03 02:12:15.276151,3992006,0.0,0.0
2021-08-03 02:12:15.276151,3992072,0.0,3.1
2021-08-03 02:12:15.432491,3992006,0.0,0.0
2021-08-03 02:12:15.432491,3992072,0.0,3.1
2021-08-03 02:12:15.590298,3992006,0.0,0.0
2021-08-03 02:12:15.590298,3992072,0.0,3.1
2021-08-03 02:12:15.747517,3992006,0.0,0.0
2021-08-03 02:12:15.747517,3992072,0.0,3.1
2021-08-03 02:12:15.905502,3992006,0.0,0.0
2021-08-03 02:12:15.905502,3992072,0.0,3.1
2021-08-03 02:12:16.062762,3992006,0.0,0.0
2021-08-03 02:12:16.062762,3992072,0.0,3.1
2021-08-03 02:12:16.220115,3992006,0.0,0.0
2021-08-03 02:12:16.220115,3992072,0.0,3.1
2021-08-03 02:12:16.376923,3992006,0.0,0.0
2021-08-03 02:12:16.376923,3992072,0.0,3.1
2021-08-03 02:12:16.533945,3992006,0.0,0.0
2021-08-03 02:12:16.533945,3992072,0.0,3.1
2021-08-03 02:12:16.690973,3992006,0.0,0.0
2021-08-03 02:12:16.690973,3992072,0.0,3.1
2021-08-03 02:12:16.849608,3992006,0.0,0.0
2021-08-03 02:12:16.849608,3992072,0.0,3.1
2021-08-03 02:12:17.007979,3992006,0.0,0.0
2021-08-03 02:12:17.007979,3992072,0.0,3.1
2021-08-03 02:12:17.164796,3992006,0.0,0.0
2021-08-03 02:12:17.164796,3992072,0.0,3.1
2021-08-03 02:12:17.322578,3992006,0.0,0.0
2021-08-03 02:12:17.322578,3992072,0.0,3.1
2021-08-03 02:12:17.480012,3992006,0.0,0.0
2021-08-03 02:12:17.480012,3992072,0.0,3.1
2021-08-03 02:12:17.637621,3992006,0.0,0.0
2021-08-03 02:12:17.637621,3992072,0.0,3.1
2021-08-03 02:12:17.795521,3992006,0.0,0.0
2021-08-03 02:12:17.795521,3992072,0.0,3.1
2021-08-03 02:12:17.952500,3992006,0.0,0.0
2021-08-03 02:12:17.952500,3992072,0.0,3.1
2021-08-03 02:12:18.110017,3992006,0.0,0.0
2021-08-03 02:12:18.110017,3992072,0.0,3.1
2021-08-03 02:12:18.266725,3992006,0.0,0.0
2021-08-03 02:12:18.266725,3992072,0.0,3.1
2021-08-03 02:12:18.424520,3992006,0.0,0.0
2021-08-03 02:12:18.424520,3992072,0.0,3.1
2021-08-03 02:12:18.582259,3992006,0.0,0.0
2021-08-03 02:12:18.582259,3992072,0.0,3.1
2021-08-03 02:12:18.740161,3992006,0.0,0.0
2021-08-03 02:12:18.740161,3992072,0.0,3.1
2021-08-03 02:12:18.898277,3992006,0.0,0.0
2021-08-03 02:12:18.898277,3992072,0.0,3.1
2021-08-03 02:12:19.055488,3992006,0.0,0.0
2021-08-03 02:12:19.055488,3992072,0.0,3.1
2021-08-03 02:12:19.213390,3992006,0.0,0.0
2021-08-03 02:12:19.213390,3992072,0.0,3.1
2021-08-03 02:12:19.371787,3992006,0.0,0.0
2021-08-03 02:12:19.371787,3992072,0.0,3.1
2021-08-03 02:12:19.529589,3992006,0.0,0.0
2021-08-03 02:12:19.529589,3992072,0.0,3.1
2021-08-03 02:12:19.687227,3992006,0.0,0.0
2021-08-03 02:12:19.687227,3992072,0.0,3.1
2021-08-03 02:12:19.844988,3992006,0.0,0.0
2021-08-03 02:12:19.844988,3992072,0.0,3.1
2021-08-03 02:12:20.001708,3992006,0.0,0.0
2021-08-03 02:12:20.001708,3992072,0.0,3.1
2021-08-03 02:12:20.157528,3992006,0.0,0.0
2021-08-03 02:12:20.157528,3992072,0.0,3.1
2021-08-03 02:12:20.314328,3992006,0.0,0.0
2021-08-03 02:12:20.314328,3992072,0.0,3.1
2021-08-03 02:12:20.470807,3992006,0.0,0.0
2021-08-03 02:12:20.470807,3992072,0.0,3.1
2021-08-03 02:12:20.628276,3992006,0.0,0.0
2021-08-03 02:12:20.628276,3992072,0.0,3.1
2021-08-03 02:12:20.786307,3992006,0.0,0.0
2021-08-03 02:12:20.786307,3992072,0.0,3.1
2021-08-03 02:12:20.944057,3992072,12.5,3.1
2021-08-03 02:12:20.944057,3992006,0.0,0.0
2021-08-03 02:12:21.102112,3992006,0.0,0.0
2021-08-03 02:12:21.102112,3992072,0.0,3.1
2021-08-03 02:12:21.259926,3992006,0.0,0.0
2021-08-03 02:12:21.259926,3992072,0.0,3.1
2021-08-03 02:12:21.416485,3992006,0.0,0.0
2021-08-03 02:12:21.416485,3992072,0.0,3.1
2021-08-03 02:12:21.573650,3992006,0.0,0.0
2021-08-03 02:12:21.573650,3992072,0.0,3.1
2021-08-03 02:12:21.729754,3992006,0.0,0.0
2021-08-03 02:12:21.729754,3992072,0.0,3.1
2021-08-03 02:12:21.885733,3992006,0.0,0.0
2021-08-03 02:12:21.885733,3992072,0.0,3.1
2021-08-03 02:12:22.041437,3992006,0.0,0.0
2021-08-03 02:12:22.041437,3992072,0.0,3.1
2021-08-03 02:12:22.196062,3992006,0.0,0.0
2021-08-03 02:12:22.196062,3992072,0.0,3.1
2021-08-03 02:12:22.351634,3992006,0.0,0.0
2021-08-03 02:12:22.351634,3992072,0.0,3.1
2021-08-03 02:12:22.506976,3992006,0.0,0.0
2021-08-03 02:12:22.506976,3992072,0.0,3.1
2021-08-03 02:12:22.662143,3992006,0.0,0.0
2021-08-03 02:12:22.662143,3992072,0.0,3.1
2021-08-03 02:12:22.817811,3992006,0.0,0.0
2021-08-03 02:12:22.817811,3992072,0.0,3.1
2021-08-03 02:12:22.973781,3992006,0.0,0.0
2021-08-03 02:12:22.973781,3992072,0.0,3.1
2021-08-03 02:12:23.129252,3992006,0.0,0.0
2021-08-03 02:12:23.129252,3992072,0.0,3.1
2021-08-03 02:12:23.284820,3992006,0.0,0.0
2021-08-03 02:12:23.284820,3992072,0.0,3.1
2021-08-03 02:12:23.439372,3992006,0.0,0.0
2021-08-03 02:12:23.439372,3992072,0.0,3.1
2021-08-03 02:12:23.593894,3992006,0.0,0.0
2021-08-03 02:12:23.593894,3992072,0.0,3.1
2021-08-03 02:12:23.749464,3992006,0.0,0.0
2021-08-03 02:12:23.749464,3992072,0.0,3.1
2021-08-03 02:12:23.904546,3992006,0.0,0.0
2021-08-03 02:12:23.904546,3992072,0.0,3.1
2021-08-03 02:12:24.060243,3992006,0.0,0.0
2021-08-03 02:12:24.060243,3992072,0.0,3.1
2021-08-03 02:12:24.215498,3992006,0.0,0.0
2021-08-03 02:12:24.215498,3992072,0.0,3.1
2021-08-03 02:12:24.370898,3992006,0.0,0.0
2021-08-03 02:12:24.370898,3992072,0.0,3.1
2021-08-03 02:12:24.526430,3992006,0.0,0.0
2021-08-03 02:12:24.526430,3992072,0.0,3.1
2021-08-03 02:12:24.682391,3992006,0.0,0.0
2021-08-03 02:12:24.682391,3992072,0.0,3.1
2021-08-03 02:12:24.837764,3992006,0.0,0.0
2021-08-03 02:12:24.837764,3992072,0.0,3.1
2021-08-03 02:12:24.992738,3992006,0.0,0.0
2021-08-03 02:12:24.992738,3992072,0.0,3.1
2021-08-03 02:12:25.148119,3992006,0.0,0.0
2021-08-03 02:12:25.148119,3992072,0.0,3.1
2021-08-03 02:12:25.303746,3992006,0.0,0.0
2021-08-03 02:12:25.303746,3992072,0.0,3.1
2021-08-03 02:12:25.458956,3992006,0.0,0.0
2021-08-03 02:12:25.458956,3992072,0.0,3.1
2021-08-03 02:12:25.614601,3992006,0.0,0.0
2021-08-03 02:12:25.614601,3992072,0.0,3.1
2021-08-03 02:12:25.769183,3992006,0.0,0.0
2021-08-03 02:12:25.769183,3992072,0.0,3.1
2021-08-03 02:12:25.924039,3992006,0.0,0.0
2021-08-03 02:12:25.924039,3992072,0.0,3.1
2021-08-03 02:12:26.079751,3992006,0.0,0.0
2021-08-03 02:12:26.079751,3992072,0.0,3.1
2021-08-03 02:12:26.235597,3992006,0.0,0.0
2021-08-03 02:12:26.235597,3992072,0.0,3.1
2021-08-03 02:12:26.391381,3992006,0.0,0.0
2021-08-03 02:12:26.391381,3992072,0.0,3.1
2021-08-03 02:12:26.547032,3992006,0.0,0.0
2021-08-03 02:12:26.547032,3992072,0.0,3.1
2021-08-03 02:12:26.701881,3992006,0.0,0.0
2021-08-03 02:12:26.701881,3992072,0.0,3.1
2021-08-03 02:12:26.857334,3992006,0.0,0.0
2021-08-03 02:12:26.857334,3992072,0.0,3.1
2021-08-03 02:12:27.012102,3992006,0.0,0.0
2021-08-03 02:12:27.012102,3992072,0.0,3.1
2021-08-03 02:12:27.167576,3992006,0.0,0.0
2021-08-03 02:12:27.167576,3992072,0.0,3.1
2021-08-03 02:12:27.322329,3992006,0.0,0.0
2021-08-03 02:12:27.322329,3992072,0.0,3.1
2021-08-03 02:12:27.477639,3992006,0.0,0.0
2021-08-03 02:12:27.477639,3992072,0.0,3.1
2021-08-03 02:12:27.632613,3992006,0.0,0.0
2021-08-03 02:12:27.632613,3992072,0.0,3.1
2021-08-03 02:12:27.788224,3992006,0.0,0.0
2021-08-03 02:12:27.788224,3992072,0.0,3.1
2021-08-03 02:12:27.943901,3992006,0.0,0.0
2021-08-03 02:12:27.943901,3992072,0.0,3.1
2021-08-03 02:12:28.099399,3992006,0.0,0.0
2021-08-03 02:12:28.099399,3992072,0.0,3.1
2021-08-03 02:12:28.254383,3992006,0.0,0.0
2021-08-03 02:12:28.254383,3992072,0.0,3.1
2021-08-03 02:12:28.410163,3992006,0.0,0.0
2021-08-03 02:12:28.410163,3992072,0.0,3.1
2021-08-03 02:12:28.565735,3992006,0.0,0.0
2021-08-03 02:12:28.565735,3992072,0.0,3.1
2021-08-03 02:12:28.720566,3992006,0.0,0.0
2021-08-03 02:12:28.720566,3992072,0.0,3.1
2021-08-03 02:12:28.875990,3992006,0.0,0.0
2021-08-03 02:12:28.875990,3992072,0.0,3.1
2021-08-03 02:12:29.031685,3992006,0.0,0.0
2021-08-03 02:12:29.031685,3992072,0.0,3.1
2021-08-03 02:12:29.186624,3992006,0.0,0.0
2021-08-03 02:12:29.186624,3992072,0.0,3.1
2021-08-03 02:12:29.341970,3992006,0.0,0.0
2021-08-03 02:12:29.341970,3992072,0.0,3.1
2021-08-03 02:12:29.496913,3992006,0.0,0.0
2021-08-03 02:12:29.496913,3992072,0.0,3.1
2021-08-03 02:12:29.652347,3992006,0.0,0.0
2021-08-03 02:12:29.652347,3992072,0.0,3.1
2021-08-03 02:12:29.808006,3992006,0.0,0.0
2021-08-03 02:12:29.808006,3992072,0.0,3.1
2021-08-03 02:12:29.963047,3992006,0.0,0.0
2021-08-03 02:12:29.963047,3992072,0.0,3.1
2021-08-03 02:12:30.118755,3992006,0.0,0.0
2021-08-03 02:12:30.118755,3992072,0.0,3.1
2021-08-03 02:12:30.275498,3992006,0.0,0.0
2021-08-03 02:12:30.275498,3992072,0.0,3.1
2021-08-03 02:12:30.432087,3992006,0.0,0.0
2021-08-03 02:12:30.432087,3992072,0.0,3.1
2021-08-03 02:12:30.587925,3992006,0.0,0.0
2021-08-03 02:12:30.587925,3992072,0.0,3.1
2021-08-03 02:12:30.744198,3992006,0.0,0.0
2021-08-03 02:12:30.744198,3992072,0.0,3.1
2021-08-03 02:12:30.900263,3992006,0.0,0.0
2021-08-03 02:12:30.900263,3992072,0.0,3.1
2021-08-03 02:12:31.056480,3992006,0.0,0.0
2021-08-03 02:12:31.056480,3992072,0.0,3.1
2021-08-03 02:12:31.212042,3992006,0.0,0.0
2021-08-03 02:12:31.212042,3992072,0.0,3.1
2021-08-03 02:12:31.367763,3992006,0.0,0.0
2021-08-03 02:12:31.367763,3992072,0.0,3.1
2021-08-03 02:12:31.523983,3992006,0.0,0.0
2021-08-03 02:12:31.523983,3992072,0.0,3.1
2021-08-03 02:12:31.679736,3992006,0.0,0.0
2021-08-03 02:12:31.679736,3992072,0.0,3.1
2021-08-03 02:12:31.835266,3992006,0.0,0.0
2021-08-03 02:12:31.835266,3992072,0.0,3.1
2021-08-03 02:12:31.991493,3992006,0.0,0.0
2021-08-03 02:12:31.991493,3992072,0.0,3.1
2021-08-03 02:12:32.147820,3992006,0.0,0.0
2021-08-03 02:12:32.147820,3992072,0.0,3.1
2021-08-03 02:12:32.304103,3992006,0.0,0.0
2021-08-03 02:12:32.304103,3992072,0.0,3.1
2021-08-03 02:12:32.459839,3992006,0.0,0.0
2021-08-03 02:12:32.459839,3992072,0.0,3.1
2021-08-03 02:12:32.617066,3992006,0.0,0.0
2021-08-03 02:12:32.617066,3992072,0.0,3.1
2021-08-03 02:12:32.774002,3992006,0.0,0.0
2021-08-03 02:12:32.774002,3992072,0.0,3.1
2021-08-03 02:12:32.930643,3992006,0.0,0.0
2021-08-03 02:12:32.930643,3992072,0.0,3.1
2021-08-03 02:12:33.088984,3992006,0.0,0.0
2021-08-03 02:12:33.088984,3992072,0.0,3.1
2021-08-03 02:12:33.247059,3992006,0.0,0.0
2021-08-03 02:12:33.247059,3992072,0.0,3.1
2021-08-03 02:12:33.406271,3992006,0.0,0.0
2021-08-03 02:12:33.406271,3992072,0.0,3.1
2021-08-03 02:12:33.564064,3992006,0.0,0.0
2021-08-03 02:12:33.564064,3992072,0.0,3.1
2021-08-03 02:12:33.721810,3992006,0.0,0.0
2021-08-03 02:12:33.721810,3992072,0.0,3.1
2021-08-03 02:12:33.879227,3992006,0.0,0.0
2021-08-03 02:12:33.879227,3992072,0.0,3.1
2021-08-03 02:12:34.037308,3992006,0.0,0.0
2021-08-03 02:12:34.037308,3992072,0.0,3.1
2021-08-03 02:12:34.193625,3992006,0.0,0.0
2021-08-03 02:12:34.193625,3992072,0.0,3.1
2021-08-03 02:12:34.351036,3992006,0.0,0.0
2021-08-03 02:12:34.351036,3992072,0.0,3.1
2021-08-03 02:12:34.508419,3992006,0.0,0.0
2021-08-03 02:12:34.508419,3992072,0.0,3.1
2021-08-03 02:12:34.664359,3992006,0.0,0.0
2021-08-03 02:12:34.664359,3992072,0.0,3.1
2021-08-03 02:12:34.822033,3992006,0.0,0.0
2021-08-03 02:12:34.822033,3992072,0.0,3.1
2021-08-03 02:12:34.980055,3992006,0.0,0.0
2021-08-03 02:12:34.980055,3992072,0.0,3.1
2021-08-03 02:12:35.137595,3992006,0.0,0.0
2021-08-03 02:12:35.137595,3992072,0.0,3.1
2021-08-03 02:12:35.294576,3992006,0.0,0.0
2021-08-03 02:12:35.294576,3992072,0.0,3.1
2021-08-03 02:12:35.452030,3992006,0.0,0.0
2021-08-03 02:12:35.452030,3992072,0.0,3.1
2021-08-03 02:12:35.608996,3992006,0.0,0.0
2021-08-03 02:12:35.608996,3992072,0.0,3.1
2021-08-03 02:12:35.766285,3992006,0.0,0.0
2021-08-03 02:12:35.766285,3992072,0.0,3.1
2021-08-03 02:12:35.924758,3992006,0.0,0.0
2021-08-03 02:12:35.924758,3992072,0.0,3.1
2021-08-03 02:12:36.083109,3992006,0.0,0.0
2021-08-03 02:12:36.083109,3992072,0.0,3.1
2021-08-03 02:12:36.239691,3992006,0.0,0.0
2021-08-03 02:12:36.239691,3992072,0.0,3.1
2021-08-03 02:12:36.396753,3992006,0.0,0.0
2021-08-03 02:12:36.396753,3992072,0.0,3.1
2021-08-03 02:12:36.553596,3992006,0.0,0.0
2021-08-03 02:12:36.553596,3992072,0.0,3.1
2021-08-03 02:12:36.711152,3992006,0.0,0.0
2021-08-03 02:12:36.711152,3992072,0.0,3.1
2021-08-03 02:12:36.866694,3992006,0.0,0.0
2021-08-03 02:12:36.866694,3992072,0.0,3.1
2021-08-03 02:12:37.024609,3992006,0.0,0.0
2021-08-03 02:12:37.024609,3992072,0.0,3.1
2021-08-03 02:12:37.181932,3992006,0.0,0.0
2021-08-03 02:12:37.181932,3992072,0.0,3.1
2021-08-03 02:12:37.338337,3992006,0.0,0.0
2021-08-03 02:12:37.338337,3992072,0.0,3.1
2021-08-03 02:12:37.494168,3992006,0.0,0.0
2021-08-03 02:12:37.494168,3992072,0.0,3.1
2021-08-03 02:12:37.651154,3992006,0.0,0.0
2021-08-03 02:12:37.651154,3992072,0.0,3.1
2021-08-03 02:12:37.808064,3992006,0.0,0.0
2021-08-03 02:12:37.808064,3992072,0.0,3.1
2021-08-03 02:12:37.964274,3992006,0.0,0.0
2021-08-03 02:12:37.964274,3992072,0.0,3.1
2021-08-03 02:12:38.121445,3992006,0.0,0.0
2021-08-03 02:12:38.121445,3992072,0.0,3.1
2021-08-03 02:12:38.277686,3992006,0.0,0.0
2021-08-03 02:12:38.277686,3992072,0.0,3.1
2021-08-03 02:12:38.435201,3992006,0.0,0.0
2021-08-03 02:12:38.435201,3992072,0.0,3.1
2021-08-03 02:12:38.592704,3992006,0.0,0.0
2021-08-03 02:12:38.592704,3992072,0.0,3.1
2021-08-03 02:12:38.750305,3992006,0.0,0.0
2021-08-03 02:12:38.750305,3992072,0.0,3.1
2021-08-03 02:12:38.907781,3992006,0.0,0.0
2021-08-03 02:12:38.907781,3992072,0.0,3.1
2021-08-03 02:12:39.065950,3992006,0.0,0.0
2021-08-03 02:12:39.065950,3992072,0.0,3.1
2021-08-03 02:12:39.223642,3992006,0.0,0.0
2021-08-03 02:12:39.223642,3992072,0.0,3.1
2021-08-03 02:12:39.381717,3992006,0.0,0.0
2021-08-03 02:12:39.381717,3992072,0.0,3.1
2021-08-03 02:12:39.540000,3992006,0.0,0.0
2021-08-03 02:12:39.540000,3992072,0.0,3.1
2021-08-03 02:12:39.697191,3992006,0.0,0.0
2021-08-03 02:12:39.697191,3992072,0.0,3.1
2021-08-03 02:12:39.854116,3992006,0.0,0.0
2021-08-03 02:12:39.854116,3992072,0.0,3.1
2021-08-03 02:12:40.011709,3992006,0.0,0.0
2021-08-03 02:12:40.011709,3992072,0.0,3.1
2021-08-03 02:12:40.168836,3992006,0.0,0.0
2021-08-03 02:12:40.168836,3992072,0.0,3.1
2021-08-03 02:12:40.326601,3992006,0.0,0.0
2021-08-03 02:12:40.326601,3992072,0.0,3.1
2021-08-03 02:12:40.484190,3992006,0.0,0.0
2021-08-03 02:12:40.484190,3992072,0.0,3.1
2021-08-03 02:12:40.640941,3992006,0.0,0.0
2021-08-03 02:12:40.640941,3992072,0.0,3.1
2021-08-03 02:12:40.798861,3992006,0.0,0.0
2021-08-03 02:12:40.798861,3992072,0.0,3.1
2021-08-03 02:12:40.956028,3992006,0.0,0.0
2021-08-03 02:12:40.956028,3992072,0.0,3.1
2021-08-03 02:12:41.113532,3992006,0.0,0.0
2021-08-03 02:12:41.113532,3992072,0.0,3.1
2021-08-03 02:12:41.270789,3992006,0.0,0.0
2021-08-03 02:12:41.270789,3992072,0.0,3.1
2021-08-03 02:12:41.428172,3992006,0.0,0.0
2021-08-03 02:12:41.428172,3992072,0.0,3.1
2021-08-03 02:12:41.585818,3992006,0.0,0.0
2021-08-03 02:12:41.585818,3992072,0.0,3.1
2021-08-03 02:12:41.744234,3992006,0.0,0.0
2021-08-03 02:12:41.744234,3992072,0.0,3.1
2021-08-03 02:12:41.901651,3992006,0.0,0.0
2021-08-03 02:12:41.901651,3992072,0.0,3.1
2021-08-03 02:12:42.057986,3992006,0.0,0.0
2021-08-03 02:12:42.057986,3992072,0.0,3.1
2021-08-03 02:12:42.214942,3992006,0.0,0.0
2021-08-03 02:12:42.214942,3992072,0.0,3.1
2021-08-03 02:12:42.372201,3992006,0.0,0.0
2021-08-03 02:12:42.372201,3992072,0.0,3.1
2021-08-03 02:12:42.528908,3992006,0.0,0.0
2021-08-03 02:12:42.528908,3992072,0.0,3.1
2021-08-03 02:12:42.685406,3992006,0.0,0.0
2021-08-03 02:12:42.685406,3992072,0.0,3.1
2021-08-03 02:12:42.843249,3992006,0.0,0.0
2021-08-03 02:12:42.843249,3992072,0.0,3.1
2021-08-03 02:12:43.001054,3992006,0.0,0.0
2021-08-03 02:12:43.001054,3992072,0.0,3.1
2021-08-03 02:12:43.159080,3992006,0.0,0.0
2021-08-03 02:12:43.159080,3992072,0.0,3.1
2021-08-03 02:12:43.316039,3992006,0.0,0.0
2021-08-03 02:12:43.316039,3992072,0.0,3.1
2021-08-03 02:12:43.474072,3992006,0.0,0.0
2021-08-03 02:12:43.474072,3992072,0.0,3.1
2021-08-03 02:12:43.631937,3992006,0.0,0.0
2021-08-03 02:12:43.631937,3992072,0.0,3.1
2021-08-03 02:12:43.789624,3992006,0.0,0.0
2021-08-03 02:12:43.789624,3992072,0.0,3.1
2021-08-03 02:12:43.946501,3992006,0.0,0.0
2021-08-03 02:12:43.946501,3992072,0.0,3.1
2021-08-03 02:12:44.103487,3992006,0.0,0.0
2021-08-03 02:12:44.103487,3992072,0.0,3.1
2021-08-03 02:12:44.259349,3992006,0.0,0.0
2021-08-03 02:12:44.259349,3992072,0.0,3.1
2021-08-03 02:12:44.416839,3992006,0.0,0.0
2021-08-03 02:12:44.416839,3992072,0.0,3.1
2021-08-03 02:12:44.575794,3992006,0.0,0.0
2021-08-03 02:12:44.575794,3992072,0.0,3.1
2021-08-03 02:12:44.731808,3992006,0.0,0.0
2021-08-03 02:12:44.731808,3992072,0.0,3.1
2021-08-03 02:12:44.888665,3992006,0.0,0.0
2021-08-03 02:12:44.888665,3992072,0.0,3.1
2021-08-03 02:12:45.047780,3992006,0.0,0.0
2021-08-03 02:12:45.047780,3992072,0.0,3.1
2021-08-03 02:12:45.205141,3992006,0.0,0.0
2021-08-03 02:12:45.205141,3992072,0.0,3.1
2021-08-03 02:12:45.362487,3992006,0.0,0.0
2021-08-03 02:12:45.362487,3992072,0.0,3.1
2021-08-03 02:12:45.519744,3992006,0.0,0.0
2021-08-03 02:12:45.519744,3992072,0.0,3.1
2021-08-03 02:12:45.677754,3992006,0.0,0.0
2021-08-03 02:12:45.677754,3992072,0.0,3.1
2021-08-03 02:12:45.835498,3992072,6.7,3.1
2021-08-03 02:12:45.835498,3992006,0.0,0.0
2021-08-03 02:12:45.992798,3992006,0.0,0.0
2021-08-03 02:12:45.992798,3992072,0.0,3.1
2021-08-03 02:12:46.150886,3992006,0.0,0.0
2021-08-03 02:12:46.150886,3992072,0.0,3.1
2021-08-03 02:12:46.309174,3992006,0.0,0.0
2021-08-03 02:12:46.309174,3992072,0.0,3.1
2021-08-03 02:12:46.466417,3992006,0.0,0.0
2021-08-03 02:12:46.466417,3992072,0.0,3.1
2021-08-03 02:12:46.622181,3992006,0.0,0.0
2021-08-03 02:12:46.622181,3992072,0.0,3.1
2021-08-03 02:12:46.778569,3992006,0.0,0.0
2021-08-03 02:12:46.778569,3992072,0.0,3.1
2021-08-03 02:12:46.935604,3992006,0.0,0.0
2021-08-03 02:12:46.935604,3992072,0.0,3.1
2021-08-03 02:12:47.093976,3992006,0.0,0.0
2021-08-03 02:12:47.093976,3992072,0.0,3.1
2021-08-03 02:12:47.250966,3992006,0.0,0.0
2021-08-03 02:12:47.250966,3992072,0.0,3.1
2021-08-03 02:12:47.408859,3992006,0.0,0.0
2021-08-03 02:12:47.408859,3992072,0.0,3.1
2021-08-03 02:12:47.566790,3992006,0.0,0.0
2021-08-03 02:12:47.566790,3992072,0.0,3.1
2021-08-03 02:12:47.724457,3992006,0.0,0.0
2021-08-03 02:12:47.724457,3992072,0.0,3.1
2021-08-03 02:12:47.881317,3992006,0.0,0.0
2021-08-03 02:12:47.881317,3992072,0.0,3.1
2021-08-03 02:12:48.038898,3992006,0.0,0.0
2021-08-03 02:12:48.038898,3992072,0.0,3.1
2021-08-03 02:12:48.196180,3992006,0.0,0.0
2021-08-03 02:12:48.196180,3992072,0.0,3.1
2021-08-03 02:12:48.353544,3992006,0.0,0.0
2021-08-03 02:12:48.353544,3992072,0.0,3.1
2021-08-03 02:12:48.509999,3992006,0.0,0.0
2021-08-03 02:12:48.509999,3992072,0.0,3.1
2021-08-03 02:12:48.665680,3992006,0.0,0.0
2021-08-03 02:12:48.665680,3992072,0.0,3.1
2021-08-03 02:12:48.822680,3992006,0.0,0.0
2021-08-03 02:12:48.822680,3992072,0.0,3.1
2021-08-03 02:12:48.980915,3992006,0.0,0.0
2021-08-03 02:12:48.980915,3992072,0.0,3.1
2021-08-03 02:12:49.141044,3992006,0.0,0.0
2021-08-03 02:12:49.141044,3992072,0.0,3.1
2021-08-03 02:12:49.297989,3992006,0.0,0.0
2021-08-03 02:12:49.297989,3992072,0.0,3.1
2021-08-03 02:12:49.454883,3992006,0.0,0.0
2021-08-03 02:12:49.454883,3992072,0.0,3.1
2021-08-03 02:12:49.612014,3992006,0.0,0.0
2021-08-03 02:12:49.612014,3992072,0.0,3.1
2021-08-03 02:12:49.769730,3992006,0.0,0.0
2021-08-03 02:12:49.769730,3992072,0.0,3.1
2021-08-03 02:12:49.927476,3992006,0.0,0.0
2021-08-03 02:12:49.927476,3992072,0.0,3.1
2021-08-03 02:12:50.087035,3992006,0.0,0.0
2021-08-03 02:12:50.087035,3992072,0.0,3.1
2021-08-03 02:12:50.244372,3992006,0.0,0.0
2021-08-03 02:12:50.244372,3992072,0.0,3.1
2021-08-03 02:12:50.403305,3992006,0.0,0.0
2021-08-03 02:12:50.403305,3992072,0.0,3.1
2021-08-03 02:12:50.559195,3992006,0.0,0.0
2021-08-03 02:12:50.559195,3992072,0.0,3.1
2021-08-03 02:12:50.714766,3992006,0.0,0.0
2021-08-03 02:12:50.714766,3992072,0.0,3.1
2021-08-03 02:12:50.870298,3992006,0.0,0.0
2021-08-03 02:12:50.870298,3992072,0.0,3.1
2021-08-03 02:12:51.026298,3992072,6.7,3.1
2021-08-03 02:12:51.026298,3992006,0.0,0.0
2021-08-03 02:12:51.181656,3992006,0.0,0.0
2021-08-03 02:12:51.181656,3992072,0.0,3.1
2021-08-03 02:12:51.337244,3992006,0.0,0.0
2021-08-03 02:12:51.337244,3992072,0.0,3.1
2021-08-03 02:12:51.492849,3992006,0.0,0.0
2021-08-03 02:12:51.492849,3992072,0.0,3.1
2021-08-03 02:12:51.647753,3992006,0.0,0.0
2021-08-03 02:12:51.647753,3992072,0.0,3.1
2021-08-03 02:12:51.803153,3992006,0.0,0.0
2021-08-03 02:12:51.803153,3992072,0.0,3.1
2021-08-03 02:12:51.958581,3992006,0.0,0.0
2021-08-03 02:12:51.958581,3992072,0.0,3.1
2021-08-03 02:12:52.114131,3992006,0.0,0.0
2021-08-03 02:12:52.114131,3992072,0.0,3.1
2021-08-03 02:12:52.268945,3992006,0.0,0.0
2021-08-03 02:12:52.268945,3992072,0.0,3.1
2021-08-03 02:12:52.423631,3992006,0.0,0.0
2021-08-03 02:12:52.423631,3992072,0.0,3.1
2021-08-03 02:12:52.578886,3992006,0.0,0.0
2021-08-03 02:12:52.578886,3992072,0.0,3.1
2021-08-03 02:12:52.733546,3992006,0.0,0.0
2021-08-03 02:12:52.733546,3992072,0.0,3.1
2021-08-03 02:12:52.889101,3992006,0.0,0.0
2021-08-03 02:12:52.889101,3992072,0.0,3.1
2021-08-03 02:12:53.044664,3992006,0.0,0.0
2021-08-03 02:12:53.044664,3992072,0.0,3.1
2021-08-03 02:12:53.200201,3992006,0.0,0.0
2021-08-03 02:12:53.200201,3992072,0.0,3.1
2021-08-03 02:12:53.355667,3992006,0.0,0.0
2021-08-03 02:12:53.355667,3992072,0.0,3.1
2021-08-03 02:12:53.510963,3992006,0.0,0.0
2021-08-03 02:12:53.510963,3992072,0.0,3.1
2021-08-03 02:12:53.666515,3992006,0.0,0.0
2021-08-03 02:12:53.666515,3992072,0.0,3.1
2021-08-03 02:12:53.822044,3992006,0.0,0.0
2021-08-03 02:12:53.822044,3992072,0.0,3.1
2021-08-03 02:12:53.977705,3992006,0.0,0.0
2021-08-03 02:12:53.977705,3992072,0.0,3.1
2021-08-03 02:12:54.133373,3992006,0.0,0.0
2021-08-03 02:12:54.133373,3992072,0.0,3.1
2021-08-03 02:12:54.288831,3992006,0.0,0.0
2021-08-03 02:12:54.288831,3992072,0.0,3.1
2021-08-03 02:12:54.444240,3992006,0.0,0.0
2021-08-03 02:12:54.444240,3992072,0.0,3.1
2021-08-03 02:12:54.600140,3992006,0.0,0.0
2021-08-03 02:12:54.600140,3992072,0.0,3.1
2021-08-03 02:12:54.755746,3992006,0.0,0.0
2021-08-03 02:12:54.755746,3992072,0.0,3.1
2021-08-03 02:12:54.912137,3992006,0.0,0.0
2021-08-03 02:12:54.912137,3992072,0.0,3.1
2021-08-03 02:12:55.067695,3992006,0.0,0.0
2021-08-03 02:12:55.067695,3992072,0.0,3.1
2021-08-03 02:12:55.223442,3992006,0.0,0.0
2021-08-03 02:12:55.223442,3992072,0.0,3.1
2021-08-03 02:12:55.379441,3992006,0.0,0.0
2021-08-03 02:12:55.379441,3992072,0.0,3.1
2021-08-03 02:12:55.534810,3992006,0.0,0.0
2021-08-03 02:12:55.534810,3992072,0.0,3.1
2021-08-03 02:12:55.689978,3992006,0.0,0.0
2021-08-03 02:12:55.689978,3992072,0.0,3.1
2021-08-03 02:12:55.845570,3992006,0.0,0.0
2021-08-03 02:12:55.845570,3992072,0.0,3.1
2021-08-03 02:12:56.000188,3992006,0.0,0.0
2021-08-03 02:12:56.000188,3992072,0.0,3.1
2021-08-03 02:12:56.155907,3992006,0.0,0.0
2021-08-03 02:12:56.155907,3992072,0.0,3.1
2021-08-03 02:12:56.311086,3992006,0.0,0.0
2021-08-03 02:12:56.311086,3992072,0.0,3.1
2021-08-03 02:12:56.466428,3992006,0.0,0.0
2021-08-03 02:12:56.466428,3992072,0.0,3.1
2021-08-03 02:12:56.621581,3992006,0.0,0.0
2021-08-03 02:12:56.621581,3992072,0.0,3.1
2021-08-03 02:12:56.776372,3992006,0.0,0.0
2021-08-03 02:12:56.776372,3992072,0.0,3.1
2021-08-03 02:12:56.931877,3992006,0.0,0.0
2021-08-03 02:12:56.931877,3992072,0.0,3.1
2021-08-03 02:12:57.086524,3992006,0.0,0.0
2021-08-03 02:12:57.086524,3992072,0.0,3.1
2021-08-03 02:12:57.242305,3992006,0.0,0.0
2021-08-03 02:12:57.242305,3992072,0.0,3.1
2021-08-03 02:12:57.397250,3992006,0.0,0.0
2021-08-03 02:12:57.397250,3992072,0.0,3.1
2021-08-03 02:12:57.551728,3992006,0.0,0.0
2021-08-03 02:12:57.551728,3992072,0.0,3.1
2021-08-03 02:12:57.707087,3992006,0.0,0.0
2021-08-03 02:12:57.707087,3992072,0.0,3.1
2021-08-03 02:12:57.862446,3992006,0.0,0.0
2021-08-03 02:12:57.862446,3992072,0.0,3.1
2021-08-03 02:12:58.017429,3992006,0.0,0.0
2021-08-03 02:12:58.017429,3992072,0.0,3.1
2021-08-03 02:12:58.172805,3992006,0.0,0.0
2021-08-03 02:12:58.172805,3992072,0.0,3.1
2021-08-03 02:12:58.328390,3992006,0.0,0.0
2021-08-03 02:12:58.328390,3992072,0.0,3.1
2021-08-03 02:12:58.483067,3992006,0.0,0.0
2021-08-03 02:12:58.483067,3992072,0.0,3.1
2021-08-03 02:12:58.639352,3992006,0.0,0.0
2021-08-03 02:12:58.639352,3992072,0.0,3.1
2021-08-03 02:12:58.793773,3992006,0.0,0.0
2021-08-03 02:12:58.793773,3992072,0.0,3.1
2021-08-03 02:12:58.949476,3992006,0.0,0.0
2021-08-03 02:12:58.949476,3992072,0.0,3.1
2021-08-03 02:12:59.105551,3992006,0.0,0.0
2021-08-03 02:12:59.105551,3992072,0.0,3.1
2021-08-03 02:12:59.261152,3992006,0.0,0.0
2021-08-03 02:12:59.261152,3992072,0.0,3.1
2021-08-03 02:12:59.416734,3992006,0.0,0.0
2021-08-03 02:12:59.416734,3992072,0.0,3.1
2021-08-03 02:12:59.572541,3992006,0.0,0.0
2021-08-03 02:12:59.572541,3992072,0.0,3.1
2021-08-03 02:12:59.727378,3992006,0.0,0.0
2021-08-03 02:12:59.727378,3992072,0.0,3.1
2021-08-03 02:12:59.882884,3992006,0.0,0.0
2021-08-03 02:12:59.882884,3992072,0.0,3.1
2021-08-03 02:13:00.037833,3992006,0.0,0.0
2021-08-03 02:13:00.037833,3992072,0.0,3.1
2021-08-03 02:13:00.193610,3992006,0.0,0.0
2021-08-03 02:13:00.193610,3992072,0.0,3.1
2021-08-03 02:13:00.349352,3992006,0.0,0.0
2021-08-03 02:13:00.349352,3992072,0.0,3.1
2021-08-03 02:13:00.504960,3992006,0.0,0.0
2021-08-03 02:13:00.504960,3992072,0.0,3.1
2021-08-03 02:13:00.659935,3992006,0.0,0.0
2021-08-03 02:13:00.659935,3992072,0.0,3.1
2021-08-03 02:13:00.816384,3992006,0.0,0.0
2021-08-03 02:13:00.816384,3992072,0.0,3.1
2021-08-03 02:13:00.972056,3992006,0.0,0.0
2021-08-03 02:13:00.972056,3992072,0.0,3.1
2021-08-03 02:13:01.128063,3992006,0.0,0.0
2021-08-03 02:13:01.128063,3992072,0.0,3.1
2021-08-03 02:13:01.283720,3992006,0.0,0.0
2021-08-03 02:13:01.283720,3992072,0.0,3.1
2021-08-03 02:13:01.440286,3992006,0.0,0.0
2021-08-03 02:13:01.440286,3992072,0.0,3.1
2021-08-03 02:13:01.596451,3992006,0.0,0.0
2021-08-03 02:13:01.596451,3992072,0.0,3.1
2021-08-03 02:13:01.752354,3992006,0.0,0.0
2021-08-03 02:13:01.752354,3992072,0.0,3.1
2021-08-03 02:13:01.907934,3992006,0.0,0.0
2021-08-03 02:13:01.907934,3992072,0.0,3.1
2021-08-03 02:13:02.064244,3992006,0.0,0.0
2021-08-03 02:13:02.064244,3992072,0.0,3.1
2021-08-03 02:13:02.219716,3992006,0.0,0.0
2021-08-03 02:13:02.219716,3992072,0.0,3.1
2021-08-03 02:13:02.375907,3992006,0.0,0.0
2021-08-03 02:13:02.375907,3992072,0.0,3.1
2021-08-03 02:13:02.532148,3992006,0.0,0.0
2021-08-03 02:13:02.532148,3992072,0.0,3.1
2021-08-03 02:13:02.687785,3992006,0.0,0.0
2021-08-03 02:13:02.687785,3992072,0.0,3.1
2021-08-03 02:13:02.844051,3992006,0.0,0.0
2021-08-03 02:13:02.844051,3992072,0.0,3.1
2021-08-03 02:13:03.000659,3992006,0.0,0.0
2021-08-03 02:13:03.000659,3992072,0.0,3.1
2021-08-03 02:13:03.156372,3992006,0.0,0.0
2021-08-03 02:13:03.156372,3992072,0.0,3.1
2021-08-03 02:13:03.311833,3992006,0.0,0.0
2021-08-03 02:13:03.311833,3992072,0.0,3.1
2021-08-03 02:13:03.468158,3992006,0.0,0.0
2021-08-03 02:13:03.468158,3992072,0.0,3.1
2021-08-03 02:13:03.624508,3992006,0.0,0.0
2021-08-03 02:13:03.624508,3992072,0.0,3.1
2021-08-03 02:13:03.780024,3992006,0.0,0.0
2021-08-03 02:13:03.780024,3992072,0.0,3.1
2021-08-03 02:13:03.936539,3992006,0.0,0.0
2021-08-03 02:13:03.936539,3992072,0.0,3.1
2021-08-03 02:13:04.092150,3992006,0.0,0.0
2021-08-03 02:13:04.092150,3992072,0.0,3.1
2021-08-03 02:13:04.247673,3992006,0.0,0.0
2021-08-03 02:13:04.247673,3992072,0.0,3.1
2021-08-03 02:13:04.403843,3992006,0.0,0.0
2021-08-03 02:13:04.403843,3992072,0.0,3.1
2021-08-03 02:13:04.560004,3992006,0.0,0.0
2021-08-03 02:13:04.560004,3992072,0.0,3.1
2021-08-03 02:13:04.716633,3992006,0.0,0.0
2021-08-03 02:13:04.716633,3992072,0.0,3.1
2021-08-03 02:13:04.873039,3992006,0.0,0.0
2021-08-03 02:13:04.873039,3992072,0.0,3.1
2021-08-03 02:13:05.029398,3992006,0.0,0.0
2021-08-03 02:13:05.029398,3992072,0.0,3.1
2021-08-03 02:13:05.186882,3992006,0.0,0.0
2021-08-03 02:13:05.186882,3992072,0.0,3.1
2021-08-03 02:13:05.345018,3992006,0.0,0.0
2021-08-03 02:13:05.345018,3992072,0.0,3.1
2021-08-03 02:13:05.502297,3992006,0.0,0.0
2021-08-03 02:13:05.502297,3992072,0.0,3.1
2021-08-03 02:13:05.660210,3992006,0.0,0.0
2021-08-03 02:13:05.660210,3992072,0.0,3.1
2021-08-03 02:13:05.817668,3992006,0.0,0.0
2021-08-03 02:13:05.817668,3992072,0.0,3.1
2021-08-03 02:13:05.975840,3992006,0.0,0.0
2021-08-03 02:13:05.975840,3992072,0.0,3.1
2021-08-03 02:13:06.132563,3992006,0.0,0.0
2021-08-03 02:13:06.132563,3992072,0.0,3.1
2021-08-03 02:13:06.290371,3992006,0.0,0.0
2021-08-03 02:13:06.290371,3992072,0.0,3.1
2021-08-03 02:13:06.447926,3992006,0.0,0.0
2021-08-03 02:13:06.447926,3992072,0.0,3.1
2021-08-03 02:13:06.605587,3992006,0.0,0.0
2021-08-03 02:13:06.605587,3992072,0.0,3.1
2021-08-03 02:13:06.762710,3992006,0.0,0.0
2021-08-03 02:13:06.762710,3992072,0.0,3.1
2021-08-03 02:13:06.919114,3992006,0.0,0.0
2021-08-03 02:13:06.919114,3992072,0.0,3.1
2021-08-03 02:13:07.075993,3992006,0.0,0.0
2021-08-03 02:13:07.075993,3992072,0.0,3.1
2021-08-03 02:13:07.233080,3992006,0.0,0.0
2021-08-03 02:13:07.233080,3992072,0.0,3.1
2021-08-03 02:13:07.389395,3992006,0.0,0.0
2021-08-03 02:13:07.389395,3992072,0.0,3.1
2021-08-03 02:13:07.547124,3992006,0.0,0.0
2021-08-03 02:13:07.547124,3992072,0.0,3.1
2021-08-03 02:13:07.703119,3992006,0.0,0.0
2021-08-03 02:13:07.703119,3992072,0.0,3.1
2021-08-03 02:13:07.859410,3992006,0.0,0.0
2021-08-03 02:13:07.859410,3992072,0.0,3.1
2021-08-03 02:13:08.015843,3992006,0.0,0.0
2021-08-03 02:13:08.015843,3992072,0.0,3.1
2021-08-03 02:13:08.171761,3992006,0.0,0.0
2021-08-03 02:13:08.171761,3992072,0.0,3.1
2021-08-03 02:13:08.328518,3992006,0.0,0.0
2021-08-03 02:13:08.328518,3992072,0.0,3.1
2021-08-03 02:13:08.484840,3992006,0.0,0.0
2021-08-03 02:13:08.484840,3992072,0.0,3.1
2021-08-03 02:13:08.642052,3992006,0.0,0.0
2021-08-03 02:13:08.642052,3992072,0.0,3.1
2021-08-03 02:13:08.798554,3992006,0.0,0.0
2021-08-03 02:13:08.798554,3992072,0.0,3.1
2021-08-03 02:13:08.956566,3992006,0.0,0.0
2021-08-03 02:13:08.956566,3992072,0.0,3.1
2021-08-03 02:13:09.114417,3992006,0.0,0.0
2021-08-03 02:13:09.114417,3992072,0.0,3.1
2021-08-03 02:13:09.270976,3992006,0.0,0.0
2021-08-03 02:13:09.270976,3992072,0.0,3.1
2021-08-03 02:13:09.427908,3992006,0.0,0.0
2021-08-03 02:13:09.427908,3992072,0.0,3.1
2021-08-03 02:13:09.584788,3992006,0.0,0.0
2021-08-03 02:13:09.584788,3992072,0.0,3.1
2021-08-03 02:13:09.740380,3992006,0.0,0.0
2021-08-03 02:13:09.740380,3992072,0.0,3.1
2021-08-03 02:13:09.897178,3992006,0.0,0.0
2021-08-03 02:13:09.897178,3992072,0.0,3.1
2021-08-03 02:13:10.055468,3992006,0.0,0.0
2021-08-03 02:13:10.055468,3992072,0.0,3.1
2021-08-03 02:13:10.211313,3992006,0.0,0.0
2021-08-03 02:13:10.211313,3992072,0.0,3.1
2021-08-03 02:13:10.368530,3992006,0.0,0.0
2021-08-03 02:13:10.368530,3992072,0.0,3.1
2021-08-03 02:13:10.527406,3992006,0.0,0.0
2021-08-03 02:13:10.527406,3992072,0.0,3.1
2021-08-03 02:13:10.685872,3992006,0.0,0.0
2021-08-03 02:13:10.685872,3992072,0.0,3.1
2021-08-03 02:13:10.842402,3992006,0.0,0.0
2021-08-03 02:13:10.842402,3992072,0.0,3.1
2021-08-03 02:13:10.999144,3992006,0.0,0.0
2021-08-03 02:13:10.999144,3992072,0.0,3.1
2021-08-03 02:13:11.156582,3992006,0.0,0.0
2021-08-03 02:13:11.156582,3992072,0.0,3.1
2021-08-03 02:13:11.312488,3992006,0.0,0.0
2021-08-03 02:13:11.312488,3992072,0.0,3.1
2021-08-03 02:13:11.469648,3992006,0.0,0.0
2021-08-03 02:13:11.469648,3992072,0.0,3.1
2021-08-03 02:13:11.626739,3992006,0.0,0.0
2021-08-03 02:13:11.626739,3992072,0.0,3.1
2021-08-03 02:13:11.784005,3992006,0.0,0.0
2021-08-03 02:13:11.784005,3992072,0.0,3.1
2021-08-03 02:13:11.941476,3992006,0.0,0.0
2021-08-03 02:13:11.941476,3992072,0.0,3.1
2021-08-03 02:13:12.098879,3992006,0.0,0.0
2021-08-03 02:13:12.098879,3992072,0.0,3.1
2021-08-03 02:13:12.255520,3992006,0.0,0.0
2021-08-03 02:13:12.255520,3992072,0.0,3.1
2021-08-03 02:13:12.412015,3992006,0.0,0.0
2021-08-03 02:13:12.412015,3992072,0.0,3.1
2021-08-03 02:13:12.568949,3992072,6.7,3.1
2021-08-03 02:13:12.568949,3992006,0.0,0.0
2021-08-03 02:13:12.725590,3992006,0.0,0.0
2021-08-03 02:13:12.725590,3992072,0.0,3.1
2021-08-03 02:13:12.882783,3992006,0.0,0.0
2021-08-03 02:13:12.882783,3992072,0.0,3.1
2021-08-03 02:13:13.040414,3992006,0.0,0.0
2021-08-03 02:13:13.040414,3992072,0.0,3.1
2021-08-03 02:13:13.197840,3992006,0.0,0.0
2021-08-03 02:13:13.197840,3992072,0.0,3.1
2021-08-03 02:13:13.355715,3992006,0.0,0.0
2021-08-03 02:13:13.355715,3992072,0.0,3.1
2021-08-03 02:13:13.512599,3992006,0.0,0.0
2021-08-03 02:13:13.512599,3992072,0.0,3.1
2021-08-03 02:13:13.669855,3992006,0.0,0.0
2021-08-03 02:13:13.669855,3992072,0.0,3.1
2021-08-03 02:13:13.826398,3992006,0.0,0.0
2021-08-03 02:13:13.826398,3992072,0.0,3.1
2021-08-03 02:13:13.982724,3992006,0.0,0.0
2021-08-03 02:13:13.982724,3992072,0.0,3.1
2021-08-03 02:13:14.140679,3992006,0.0,0.0
2021-08-03 02:13:14.140679,3992072,0.0,3.1
2021-08-03 02:13:14.296933,3992006,0.0,0.0
2021-08-03 02:13:14.296933,3992072,0.0,3.1
2021-08-03 02:13:14.454249,3992006,0.0,0.0
2021-08-03 02:13:14.454249,3992072,0.0,3.1
2021-08-03 02:13:14.613485,3992006,0.0,0.0
2021-08-03 02:13:14.613485,3992072,0.0,3.1
2021-08-03 02:13:14.771239,3992006,0.0,0.0
2021-08-03 02:13:14.771239,3992072,0.0,3.1
2021-08-03 02:13:14.928929,3992006,0.0,0.0
2021-08-03 02:13:14.928929,3992072,0.0,3.1
2021-08-03 02:13:15.085733,3992006,0.0,0.0
2021-08-03 02:13:15.085733,3992072,0.0,3.1
2021-08-03 02:13:15.242652,3992006,0.0,0.0
2021-08-03 02:13:15.242652,3992072,0.0,3.1
2021-08-03 02:13:15.399920,3992006,0.0,0.0
2021-08-03 02:13:15.399920,3992072,0.0,3.1
2021-08-03 02:13:15.557207,3992006,0.0,0.0
2021-08-03 02:13:15.557207,3992072,0.0,3.1
2021-08-03 02:13:15.715045,3992006,0.0,0.0
2021-08-03 02:13:15.715045,3992072,0.0,3.1
2021-08-03 02:13:15.872884,3992006,0.0,0.0
2021-08-03 02:13:15.872884,3992072,0.0,3.1
2021-08-03 02:13:16.029633,3992006,0.0,0.0
2021-08-03 02:13:16.029633,3992072,0.0,3.1
2021-08-03 02:13:16.185678,3992006,0.0,0.0
2021-08-03 02:13:16.185678,3992072,0.0,3.1
2021-08-03 02:13:16.342954,3992006,0.0,0.0
2021-08-03 02:13:16.342954,3992072,0.0,3.1
2021-08-03 02:13:16.500142,3992006,0.0,0.0
2021-08-03 02:13:16.500142,3992072,0.0,3.1
2021-08-03 02:13:16.658115,3992006,0.0,0.0
2021-08-03 02:13:16.658115,3992072,0.0,3.1
2021-08-03 02:13:16.814693,3992006,0.0,0.0
2021-08-03 02:13:16.814693,3992072,0.0,3.1
2021-08-03 02:13:16.971458,3992006,0.0,0.0
2021-08-03 02:13:16.971458,3992072,0.0,3.1
2021-08-03 02:13:17.128877,3992006,0.0,0.0
2021-08-03 02:13:17.128877,3992072,0.0,3.1
2021-08-03 02:13:17.287145,3992006,0.0,0.0
2021-08-03 02:13:17.287145,3992072,0.0,3.1
2021-08-03 02:13:17.445634,3992006,0.0,0.0
2021-08-03 02:13:17.445634,3992072,0.0,3.1
2021-08-03 02:13:17.603331,3992006,0.0,0.0
2021-08-03 02:13:17.603331,3992072,0.0,3.1
2021-08-03 02:13:17.759951,3992006,0.0,0.0
2021-08-03 02:13:17.759951,3992072,0.0,3.1
2021-08-03 02:13:17.915906,3992006,0.0,0.0
2021-08-03 02:13:17.915906,3992072,0.0,3.1
2021-08-03 02:13:18.071862,3992006,0.0,0.0
2021-08-03 02:13:18.071862,3992072,0.0,3.1
2021-08-03 02:13:18.227463,3992006,0.0,0.0
2021-08-03 02:13:18.227463,3992072,0.0,3.1
2021-08-03 02:13:18.383028,3992006,0.0,0.0
2021-08-03 02:13:18.383028,3992072,0.0,3.1
2021-08-03 02:13:18.538655,3992006,0.0,0.0
2021-08-03 02:13:18.538655,3992072,0.0,3.1
2021-08-03 02:13:18.694559,3992006,0.0,0.0
2021-08-03 02:13:18.694559,3992072,0.0,3.1
2021-08-03 02:13:18.850229,3992006,0.0,0.0
2021-08-03 02:13:18.850229,3992072,0.0,3.1
2021-08-03 02:13:19.005652,3992006,0.0,0.0
2021-08-03 02:13:19.005652,3992072,0.0,3.1
2021-08-03 02:13:19.161146,3992006,0.0,0.0
2021-08-03 02:13:19.161146,3992072,0.0,3.1
2021-08-03 02:13:19.315712,3992006,0.0,0.0
2021-08-03 02:13:19.315712,3992072,0.0,3.1
2021-08-03 02:13:19.471319,3992006,0.0,0.0
2021-08-03 02:13:19.471319,3992072,0.0,3.1
2021-08-03 02:13:19.626524,3992006,0.0,0.0
2021-08-03 02:13:19.626524,3992072,0.0,3.1
2021-08-03 02:13:19.782020,3992006,0.0,0.0
2021-08-03 02:13:19.782020,3992072,0.0,3.1
2021-08-03 02:13:19.936707,3992006,0.0,0.0
2021-08-03 02:13:19.936707,3992072,0.0,3.1
2021-08-03 02:13:20.092402,3992006,0.0,0.0
2021-08-03 02:13:20.092402,3992072,0.0,3.1
2021-08-03 02:13:20.247353,3992006,0.0,0.0
2021-08-03 02:13:20.247353,3992072,0.0,3.1
2021-08-03 02:13:20.402745,3992006,0.0,0.0
2021-08-03 02:13:20.402745,3992072,0.0,3.1
2021-08-03 02:13:20.557842,3992006,0.0,0.0
2021-08-03 02:13:20.557842,3992072,0.0,3.1
2021-08-03 02:13:20.712813,3992006,0.0,0.0
2021-08-03 02:13:20.712813,3992072,0.0,3.1
2021-08-03 02:13:20.867511,3992006,0.0,0.0
2021-08-03 02:13:20.867511,3992072,0.0,3.1
2021-08-03 02:13:21.022927,3992006,0.0,0.0
2021-08-03 02:13:21.022927,3992072,0.0,3.1
2021-08-03 02:13:21.177605,3992006,0.0,0.0
2021-08-03 02:13:21.177605,3992072,0.0,3.1
2021-08-03 02:13:21.333025,3992006,0.0,0.0
2021-08-03 02:13:21.333025,3992072,0.0,3.1
2021-08-03 02:13:21.487473,3992006,0.0,0.0
2021-08-03 02:13:21.487473,3992072,0.0,3.1
2021-08-03 02:13:21.643102,3992006,0.0,0.0
2021-08-03 02:13:21.643102,3992072,0.0,3.1
2021-08-03 02:13:21.798263,3992006,0.0,0.0
2021-08-03 02:13:21.798263,3992072,0.0,3.1
2021-08-03 02:13:21.953791,3992006,0.0,0.0
2021-08-03 02:13:21.953791,3992072,0.0,3.1
2021-08-03 02:13:22.109329,3992006,0.0,0.0
2021-08-03 02:13:22.109329,3992072,0.0,3.1
2021-08-03 02:13:22.264009,3992006,0.0,0.0
2021-08-03 02:13:22.264009,3992072,0.0,3.1
2021-08-03 02:13:22.419844,3992006,0.0,0.0
2021-08-03 02:13:22.419844,3992072,0.0,3.1
2021-08-03 02:13:22.575043,3992006,0.0,0.0
2021-08-03 02:13:22.575043,3992072,0.0,3.1
2021-08-03 02:13:22.730600,3992006,0.0,0.0
2021-08-03 02:13:22.730600,3992072,0.0,3.1
2021-08-03 02:13:22.885968,3992006,0.0,0.0
2021-08-03 02:13:22.885968,3992072,0.0,3.1
2021-08-03 02:13:23.041600,3992006,0.0,0.0
2021-08-03 02:13:23.041600,3992072,0.0,3.1
2021-08-03 02:13:23.197286,3992006,0.0,0.0
2021-08-03 02:13:23.197286,3992072,0.0,3.1
2021-08-03 02:13:23.353149,3992006,0.0,0.0
2021-08-03 02:13:23.353149,3992072,0.0,3.1
2021-08-03 02:13:23.508653,3992006,0.0,0.0
2021-08-03 02:13:23.508653,3992072,0.0,3.1
2021-08-03 02:13:23.663407,3992006,0.0,0.0
2021-08-03 02:13:23.663407,3992072,0.0,3.1
2021-08-03 02:13:23.819013,3992006,0.0,0.0
2021-08-03 02:13:23.819013,3992072,0.0,3.1
2021-08-03 02:13:23.974124,3992006,0.0,0.0
2021-08-03 02:13:23.974124,3992072,0.0,3.1
2021-08-03 02:13:24.129516,3992006,0.0,0.0
2021-08-03 02:13:24.129516,3992072,0.0,3.1
2021-08-03 02:13:24.285203,3992006,0.0,0.0
2021-08-03 02:13:24.285203,3992072,0.0,3.1
2021-08-03 02:13:24.440771,3992006,0.0,0.0
2021-08-03 02:13:24.440771,3992072,0.0,3.1
2021-08-03 02:13:24.596453,3992006,0.0,0.0
2021-08-03 02:13:24.596453,3992072,0.0,3.1
2021-08-03 02:13:24.751932,3992006,0.0,0.0
2021-08-03 02:13:24.751932,3992072,0.0,3.1
2021-08-03 02:13:24.907576,3992006,0.0,0.0
2021-08-03 02:13:24.907576,3992072,0.0,3.1
2021-08-03 02:13:25.062710,3992006,0.0,0.0
2021-08-03 02:13:25.062710,3992072,0.0,3.1
2021-08-03 02:13:25.217337,3992006,0.0,0.0
2021-08-03 02:13:25.217337,3992072,0.0,3.1
2021-08-03 02:13:25.371783,3992006,0.0,0.0
2021-08-03 02:13:25.371783,3992072,0.0,3.1
2021-08-03 02:13:25.527389,3992006,0.0,0.0
2021-08-03 02:13:25.527389,3992072,0.0,3.1
2021-08-03 02:13:25.682943,3992006,0.0,0.0
2021-08-03 02:13:25.682943,3992072,0.0,3.1
2021-08-03 02:13:25.838538,3992006,0.0,0.0
2021-08-03 02:13:25.838538,3992072,0.0,3.1
2021-08-03 02:13:25.993871,3992006,0.0,0.0
2021-08-03 02:13:25.993871,3992072,0.0,3.1
2021-08-03 02:13:26.148783,3992006,0.0,0.0
2021-08-03 02:13:26.148783,3992072,0.0,3.1
2021-08-03 02:13:26.303480,3992006,0.0,0.0
2021-08-03 02:13:26.303480,3992072,0.0,3.1
2021-08-03 02:13:26.458943,3992006,0.0,0.0
2021-08-03 02:13:26.458943,3992072,0.0,3.1
2021-08-03 02:13:26.613654,3992006,0.0,0.0
2021-08-03 02:13:26.613654,3992072,0.0,3.1
2021-08-03 02:13:26.768947,3992006,0.0,0.0
2021-08-03 02:13:26.768947,3992072,0.0,3.1
2021-08-03 02:13:26.923522,3992006,0.0,0.0
2021-08-03 02:13:26.923522,3992072,0.0,3.1
2021-08-03 02:13:27.078337,3992006,0.0,0.0
2021-08-03 02:13:27.078337,3992072,0.0,3.1
2021-08-03 02:13:27.233562,3992006,0.0,0.0
2021-08-03 02:13:27.233562,3992072,0.0,3.1
2021-08-03 02:13:27.389308,3992006,0.0,0.0
2021-08-03 02:13:27.389308,3992072,0.0,3.1
2021-08-03 02:13:27.545057,3992006,0.0,0.0
2021-08-03 02:13:27.545057,3992072,0.0,3.1
2021-08-03 02:13:27.700725,3992006,0.0,0.0
2021-08-03 02:13:27.700725,3992072,0.0,3.1
2021-08-03 02:13:27.856430,3992006,0.0,0.0
2021-08-03 02:13:27.856430,3992072,0.0,3.1
2021-08-03 02:13:28.012045,3992006,0.0,0.0
2021-08-03 02:13:28.012045,3992072,0.0,3.1
2021-08-03 02:13:28.167323,3992006,0.0,0.0
2021-08-03 02:13:28.167323,3992072,0.0,3.1
2021-08-03 02:13:28.322189,3992006,0.0,0.0
2021-08-03 02:13:28.322189,3992072,0.0,3.1
2021-08-03 02:13:28.476944,3992006,0.0,0.0
2021-08-03 02:13:28.476944,3992072,0.0,3.1
2021-08-03 02:13:28.632430,3992006,0.0,0.0
2021-08-03 02:13:28.632430,3992072,0.0,3.1
2021-08-03 02:13:28.788355,3992006,0.0,0.0
2021-08-03 02:13:28.788355,3992072,0.0,3.1
2021-08-03 02:13:28.943933,3992006,0.0,0.0
2021-08-03 02:13:28.943933,3992072,0.0,3.1
2021-08-03 02:13:29.099481,3992006,0.0,0.0
2021-08-03 02:13:29.099481,3992072,0.0,3.1
2021-08-03 02:13:29.254395,3992006,0.0,0.0
2021-08-03 02:13:29.254395,3992072,0.0,3.1
2021-08-03 02:13:29.409479,3992006,0.0,0.0
2021-08-03 02:13:29.409479,3992072,0.0,3.1
2021-08-03 02:13:29.565426,3992006,0.0,0.0
2021-08-03 02:13:29.565426,3992072,0.0,3.1
2021-08-03 02:13:29.721437,3992006,0.0,0.0
2021-08-03 02:13:29.721437,3992072,0.0,3.1
2021-08-03 02:13:29.878137,3992006,0.0,0.0
2021-08-03 02:13:29.878137,3992072,0.0,3.1
2021-08-03 02:13:30.034845,3992006,0.0,0.0
2021-08-03 02:13:30.034845,3992072,0.0,3.1
2021-08-03 02:13:30.190988,3992006,0.0,0.0
2021-08-03 02:13:30.190988,3992072,0.0,3.1
2021-08-03 02:13:30.348096,3992006,0.0,0.0
2021-08-03 02:13:30.348096,3992072,0.0,3.1
2021-08-03 02:13:30.505361,3992006,0.0,0.0
2021-08-03 02:13:30.505361,3992072,0.0,3.1
2021-08-03 02:13:30.661414,3992006,0.0,0.0
2021-08-03 02:13:30.661414,3992072,0.0,3.1
2021-08-03 02:13:30.817054,3992006,0.0,0.0
2021-08-03 02:13:30.817054,3992072,0.0,3.1
2021-08-03 02:13:30.973271,3992006,0.0,0.0
2021-08-03 02:13:30.973271,3992072,0.0,3.1
2021-08-03 02:13:31.129802,3992006,0.0,0.0
2021-08-03 02:13:31.129802,3992072,0.0,3.1
2021-08-03 02:13:31.285525,3992006,0.0,0.0
2021-08-03 02:13:31.285525,3992072,0.0,3.1
2021-08-03 02:13:31.440959,3992006,0.0,0.0
2021-08-03 02:13:31.440959,3992072,0.0,3.1
2021-08-03 02:13:31.596892,3992006,0.0,0.0
2021-08-03 02:13:31.596892,3992072,0.0,3.1
2021-08-03 02:13:31.752400,3992006,0.0,0.0
2021-08-03 02:13:31.752400,3992072,0.0,3.1
2021-08-03 02:13:31.907924,3992006,0.0,0.0
2021-08-03 02:13:31.907924,3992072,0.0,3.1
2021-08-03 02:13:32.063429,3992006,0.0,0.0
2021-08-03 02:13:32.063429,3992072,0.0,3.1
2021-08-03 02:13:32.219710,3992006,0.0,0.0
2021-08-03 02:13:32.219710,3992072,0.0,3.1
2021-08-03 02:13:32.375130,3992006,0.0,0.0
2021-08-03 02:13:32.375130,3992072,0.0,3.1
2021-08-03 02:13:32.532501,3992006,0.0,0.0
2021-08-03 02:13:32.532501,3992072,0.0,3.1
2021-08-03 02:13:32.689502,3992006,0.0,0.0
2021-08-03 02:13:32.689502,3992072,0.0,3.1
2021-08-03 02:13:32.846291,3992006,0.0,0.0
2021-08-03 02:13:32.846291,3992072,0.0,3.1
2021-08-03 02:13:33.003157,3992006,0.0,0.0
2021-08-03 02:13:33.003157,3992072,0.0,3.1
2021-08-03 02:13:33.159580,3992006,0.0,0.0
2021-08-03 02:13:33.159580,3992072,0.0,3.1
2021-08-03 02:13:33.316479,3992006,0.0,0.0
2021-08-03 02:13:33.316479,3992072,0.0,3.1
2021-08-03 02:13:33.474478,3992006,0.0,0.0
2021-08-03 02:13:33.474478,3992072,0.0,3.1
2021-08-03 02:13:33.631166,3992006,0.0,0.0
2021-08-03 02:13:33.631166,3992072,0.0,3.1
2021-08-03 02:13:33.787057,3992006,0.0,0.0
2021-08-03 02:13:33.787057,3992072,0.0,3.1
2021-08-03 02:13:33.943551,3992006,0.0,0.0
2021-08-03 02:13:33.943551,3992072,0.0,3.1
2021-08-03 02:13:34.102919,3992006,0.0,0.0
2021-08-03 02:13:34.102919,3992072,0.0,3.1
2021-08-03 02:13:34.260534,3992006,0.0,0.0
2021-08-03 02:13:34.260534,3992072,0.0,3.1
2021-08-03 02:13:34.417918,3992006,0.0,0.0
2021-08-03 02:13:34.417918,3992072,0.0,3.1
2021-08-03 02:13:34.574604,3992006,0.0,0.0
2021-08-03 02:13:34.574604,3992072,0.0,3.1
2021-08-03 02:13:34.733400,3992006,0.0,0.0
2021-08-03 02:13:34.733400,3992072,0.0,3.1
2021-08-03 02:13:34.891310,3992006,0.0,0.0
2021-08-03 02:13:34.891310,3992072,0.0,3.1
2021-08-03 02:13:35.049905,3992006,0.0,0.0
2021-08-03 02:13:35.049905,3992072,0.0,3.1
2021-08-03 02:13:35.206850,3992006,0.0,0.0
2021-08-03 02:13:35.206850,3992072,0.0,3.1
2021-08-03 02:13:35.363702,3992006,0.0,0.0
2021-08-03 02:13:35.363702,3992072,0.0,3.1
2021-08-03 02:13:35.520810,3992006,0.0,0.0
2021-08-03 02:13:35.520810,3992072,0.0,3.1
2021-08-03 02:13:35.679239,3992006,0.0,0.0
2021-08-03 02:13:35.679239,3992072,0.0,3.1
2021-08-03 02:13:35.837437,3992006,0.0,0.0
2021-08-03 02:13:35.837437,3992072,0.0,3.1
2021-08-03 02:13:35.994043,3992006,0.0,0.0
2021-08-03 02:13:35.994043,3992072,0.0,3.1
2021-08-03 02:13:36.150431,3992006,0.0,0.0
2021-08-03 02:13:36.150431,3992072,0.0,3.1
2021-08-03 02:13:36.308825,3992006,0.0,0.0
2021-08-03 02:13:36.308825,3992072,0.0,3.1
2021-08-03 02:13:36.465674,3992006,0.0,0.0
2021-08-03 02:13:36.465674,3992072,0.0,3.1
2021-08-03 02:13:36.622954,3992006,0.0,0.0
2021-08-03 02:13:36.622954,3992072,0.0,3.1
2021-08-03 02:13:36.780926,3992006,0.0,0.0
2021-08-03 02:13:36.780926,3992072,0.0,3.1
2021-08-03 02:13:36.938531,3992006,0.0,0.0
2021-08-03 02:13:36.938531,3992072,0.0,3.1
2021-08-03 02:13:37.095956,3992006,0.0,0.0
2021-08-03 02:13:37.095956,3992072,0.0,3.1
2021-08-03 02:13:37.251581,3992006,0.0,0.0
2021-08-03 02:13:37.251581,3992072,0.0,3.1
2021-08-03 02:13:37.408067,3992006,0.0,0.0
2021-08-03 02:13:37.408067,3992072,0.0,3.1
2021-08-03 02:13:37.566711,3992006,0.0,0.0
2021-08-03 02:13:37.566711,3992072,0.0,3.1
2021-08-03 02:13:37.723222,3992006,0.0,0.0
2021-08-03 02:13:37.723222,3992072,0.0,3.1
2021-08-03 02:13:37.881341,3992006,0.0,0.0
2021-08-03 02:13:37.881341,3992072,0.0,3.1
2021-08-03 02:13:38.038436,3992006,0.0,0.0
2021-08-03 02:13:38.038436,3992072,0.0,3.1
2021-08-03 02:13:38.194623,3992006,0.0,0.0
2021-08-03 02:13:38.194623,3992072,0.0,3.1
2021-08-03 02:13:38.351832,3992006,0.0,0.0
2021-08-03 02:13:38.351832,3992072,0.0,3.1
2021-08-03 02:13:38.507461,3992006,0.0,0.0
2021-08-03 02:13:38.507461,3992072,0.0,3.1
2021-08-03 02:13:38.663280,3992006,0.0,0.0
2021-08-03 02:13:38.663280,3992072,0.0,3.1
2021-08-03 02:13:38.820626,3992006,0.0,0.0
2021-08-03 02:13:38.820626,3992072,0.0,3.1
2021-08-03 02:13:38.977681,3992006,0.0,0.0
2021-08-03 02:13:38.977681,3992072,0.0,3.1
2021-08-03 02:13:39.134105,3992006,0.0,0.0
2021-08-03 02:13:39.134105,3992072,0.0,3.1
2021-08-03 02:13:39.290396,3992006,0.0,0.0
2021-08-03 02:13:39.290396,3992072,0.0,3.1
2021-08-03 02:13:39.445566,3992006,0.0,0.0
2021-08-03 02:13:39.445566,3992072,0.0,3.1
2021-08-03 02:13:39.601106,3992006,0.0,0.0
2021-08-03 02:13:39.601106,3992072,0.0,3.1
2021-08-03 02:13:39.756687,3992006,0.0,0.0
2021-08-03 02:13:39.756687,3992072,0.0,3.1
2021-08-03 02:13:39.912368,3992006,0.0,0.0
2021-08-03 02:13:39.912368,3992072,0.0,3.1
2021-08-03 02:13:40.068041,3992006,0.0,0.0
2021-08-03 02:13:40.068041,3992072,0.0,3.1
2021-08-03 02:13:40.223701,3992006,0.0,0.0
2021-08-03 02:13:40.223701,3992072,0.0,3.1
2021-08-03 02:13:40.379126,3992006,0.0,0.0
2021-08-03 02:13:40.379126,3992072,0.0,3.1
2021-08-03 02:13:40.533945,3992006,0.0,0.0
2021-08-03 02:13:40.533945,3992072,0.0,3.1
2021-08-03 02:13:40.689343,3992006,0.0,0.0
2021-08-03 02:13:40.689343,3992072,0.0,3.1
2021-08-03 02:13:40.845188,3992006,0.0,0.0
2021-08-03 02:13:40.845188,3992072,0.0,3.1
2021-08-03 02:13:40.999963,3992006,0.0,0.0
2021-08-03 02:13:40.999963,3992072,0.0,3.1
2021-08-03 02:13:41.154815,3992006,0.0,0.0
2021-08-03 02:13:41.154815,3992072,0.0,3.1
2021-08-03 02:13:41.310486,3992006,0.0,0.0
2021-08-03 02:13:41.310486,3992072,0.0,3.1
2021-08-03 02:13:41.465826,3992006,0.0,0.0
2021-08-03 02:13:41.465826,3992072,0.0,3.1
2021-08-03 02:13:41.621401,3992006,0.0,0.0
2021-08-03 02:13:41.621401,3992072,0.0,3.1
2021-08-03 02:13:41.776337,3992006,0.0,0.0
2021-08-03 02:13:41.776337,3992072,0.0,3.1
2021-08-03 02:13:41.932160,3992006,0.0,0.0
2021-08-03 02:13:41.932160,3992072,0.0,3.1
2021-08-03 02:13:42.087829,3992006,0.0,0.0
2021-08-03 02:13:42.087829,3992072,0.0,3.1
2021-08-03 02:13:42.242760,3992006,0.0,0.0
2021-08-03 02:13:42.242760,3992072,0.0,3.1
2021-08-03 02:13:42.398354,3992006,0.0,0.0
2021-08-03 02:13:42.398354,3992072,0.0,3.1
2021-08-03 02:13:42.553657,3992006,0.0,0.0
2021-08-03 02:13:42.553657,3992072,0.0,3.1
2021-08-03 02:13:42.709493,3992006,0.0,0.0
2021-08-03 02:13:42.709493,3992072,0.0,3.1
2021-08-03 02:13:42.864533,3992006,0.0,0.0
2021-08-03 02:13:42.864533,3992072,0.0,3.1
2021-08-03 02:13:43.019525,3992006,0.0,0.0
2021-08-03 02:13:43.019525,3992072,0.0,3.1
2021-08-03 02:13:43.174713,3992006,0.0,0.0
2021-08-03 02:13:43.174713,3992072,0.0,3.1
2021-08-03 02:13:43.329479,3992006,0.0,0.0
2021-08-03 02:13:43.329479,3992072,0.0,3.1
2021-08-03 02:13:43.485384,3992006,0.0,0.0
2021-08-03 02:13:43.485384,3992072,0.0,3.1
2021-08-03 02:13:43.641030,3992006,0.0,0.0
2021-08-03 02:13:43.641030,3992072,0.0,3.1
2021-08-03 02:13:43.796023,3992006,0.0,0.0
2021-08-03 02:13:43.796023,3992072,0.0,3.1
2021-08-03 02:13:43.951527,3992006,0.0,0.0
2021-08-03 02:13:43.951527,3992072,0.0,3.1
2021-08-03 02:13:44.106859,3992006,0.0,0.0
2021-08-03 02:13:44.106859,3992072,0.0,3.1
2021-08-03 02:13:44.261761,3992006,0.0,0.0
2021-08-03 02:13:44.261761,3992072,0.0,3.1
2021-08-03 02:13:44.417435,3992006,0.0,0.0
2021-08-03 02:13:44.417435,3992072,0.0,3.1
2021-08-03 02:13:44.572470,3992006,0.0,0.0
2021-08-03 02:13:44.572470,3992072,0.0,3.1
2021-08-03 02:13:44.728213,3992006,0.0,0.0
2021-08-03 02:13:44.728213,3992072,0.0,3.1
2021-08-03 02:13:44.883885,3992006,0.0,0.0
2021-08-03 02:13:44.883885,3992072,0.0,3.1
2021-08-03 02:13:45.039854,3992006,0.0,0.0
2021-08-03 02:13:45.039854,3992072,0.0,3.1
2021-08-03 02:13:45.195516,3992006,0.0,0.0
2021-08-03 02:13:45.195516,3992072,0.0,3.1
2021-08-03 02:13:45.350894,3992006,0.0,0.0
2021-08-03 02:13:45.350894,3992072,0.0,3.1
2021-08-03 02:13:45.505976,3992006,0.0,0.0
2021-08-03 02:13:45.505976,3992072,0.0,3.1
2021-08-03 02:13:45.660788,3992006,0.0,0.0
2021-08-03 02:13:45.660788,3992072,0.0,3.1
2021-08-03 02:13:45.816341,3992006,0.0,0.0
2021-08-03 02:13:45.816341,3992072,0.0,3.1
2021-08-03 02:13:45.972083,3992006,0.0,0.0
2021-08-03 02:13:45.972083,3992072,0.0,3.1
2021-08-03 02:13:46.127293,3992006,0.0,0.0
2021-08-03 02:13:46.127293,3992072,0.0,3.1
2021-08-03 02:13:46.282948,3992006,0.0,0.0
2021-08-03 02:13:46.282948,3992072,0.0,3.1
2021-08-03 02:13:46.438261,3992006,0.0,0.0
2021-08-03 02:13:46.438261,3992072,0.0,3.1
2021-08-03 02:13:46.593626,3992006,0.0,0.0
2021-08-03 02:13:46.593626,3992072,0.0,3.1
2021-08-03 02:13:46.748503,3992006,0.0,0.0
2021-08-03 02:13:46.748503,3992072,0.0,3.1
2021-08-03 02:13:46.903267,3992006,0.0,0.0
2021-08-03 02:13:46.903267,3992072,0.0,3.1
2021-08-03 02:13:47.058547,3992006,0.0,0.0
2021-08-03 02:13:47.058547,3992072,0.0,3.1
2021-08-03 02:13:47.213396,3992006,0.0,0.0
2021-08-03 02:13:47.213396,3992072,0.0,3.1
2021-08-03 02:13:47.369637,3992006,0.0,0.0
2021-08-03 02:13:47.369637,3992072,0.0,3.1
2021-08-03 02:13:47.524737,3992006,0.0,0.0
2021-08-03 02:13:47.524737,3992072,0.0,3.1
2021-08-03 02:13:47.679696,3992006,0.0,0.0
2021-08-03 02:13:47.679696,3992072,0.0,3.1
2021-08-03 02:13:47.835113,3992006,0.0,0.0
2021-08-03 02:13:47.835113,3992072,0.0,3.1
2021-08-03 02:13:47.990557,3992006,0.0,0.0
2021-08-03 02:13:47.990557,3992072,0.0,3.1
2021-08-03 02:13:48.146106,3992006,0.0,0.0
2021-08-03 02:13:48.146106,3992072,0.0,3.1
2021-08-03 02:13:48.301234,3992006,0.0,0.0
2021-08-03 02:13:48.301234,3992072,0.0,3.1
2021-08-03 02:13:48.456930,3992006,0.0,0.0
2021-08-03 02:13:48.456930,3992072,0.0,3.1
2021-08-03 02:13:48.612518,3992006,0.0,0.0
2021-08-03 02:13:48.612518,3992072,0.0,3.1
2021-08-03 02:13:48.768006,3992006,0.0,0.0
2021-08-03 02:13:48.768006,3992072,0.0,3.1
2021-08-03 02:13:48.923371,3992006,0.0,0.0
2021-08-03 02:13:48.923371,3992072,0.0,3.1
2021-08-03 02:13:49.079034,3992006,0.0,0.0
2021-08-03 02:13:49.079034,3992072,0.0,3.1
2021-08-03 02:13:49.233841,3992006,0.0,0.0
2021-08-03 02:13:49.233841,3992072,0.0,3.1
2021-08-03 02:13:49.388859,3992006,0.0,0.0
2021-08-03 02:13:49.388859,3992072,0.0,3.1
2021-08-03 02:13:49.545206,3992006,0.0,0.0
2021-08-03 02:13:49.545206,3992072,0.0,3.1
2021-08-03 02:13:49.700734,3992006,0.0,0.0
2021-08-03 02:13:49.700734,3992072,0.0,3.1
2021-08-03 02:13:49.855977,3992006,0.0,0.0
2021-08-03 02:13:49.855977,3992072,0.0,3.1
2021-08-03 02:13:50.011347,3992006,0.0,0.0
2021-08-03 02:13:50.011347,3992072,0.0,3.1
2021-08-03 02:13:50.166414,3992006,0.0,0.0
2021-08-03 02:13:50.166414,3992072,0.0,3.1
2021-08-03 02:13:50.322037,3992006,0.0,0.0
2021-08-03 02:13:50.322037,3992072,0.0,3.1
2021-08-03 02:13:50.476963,3992006,0.0,0.0
2021-08-03 02:13:50.476963,3992072,0.0,3.1
2021-08-03 02:13:50.632137,3992006,0.0,0.0
2021-08-03 02:13:50.632137,3992072,0.0,3.1
2021-08-03 02:13:50.787700,3992006,0.0,0.0
2021-08-03 02:13:50.787700,3992072,0.0,3.1
2021-08-03 02:13:50.943500,3992006,0.0,0.0
2021-08-03 02:13:50.943500,3992072,0.0,3.1
2021-08-03 02:13:51.099959,3992006,0.0,0.0
2021-08-03 02:13:51.099959,3992072,0.0,3.1
2021-08-03 02:13:51.257032,3992006,0.0,0.0
2021-08-03 02:13:51.257032,3992072,0.0,3.1
2021-08-03 02:13:51.412953,3992006,0.0,0.0
2021-08-03 02:13:51.412953,3992072,0.0,3.1
2021-08-03 02:13:51.569023,3992006,0.0,0.0
2021-08-03 02:13:51.569023,3992072,0.0,3.1
2021-08-03 02:13:51.724846,3992006,0.0,0.0
2021-08-03 02:13:51.724846,3992072,0.0,3.1
2021-08-03 02:13:51.881532,3992006,0.0,0.0
2021-08-03 02:13:51.881532,3992072,0.0,3.1
2021-08-03 02:13:52.038051,3992006,0.0,0.0
2021-08-03 02:13:52.038051,3992072,0.0,3.1
2021-08-03 02:13:52.194112,3992006,0.0,0.0
2021-08-03 02:13:52.194112,3992072,0.0,3.1
2021-08-03 02:13:52.349743,3992006,0.0,0.0
2021-08-03 02:13:52.349743,3992072,0.0,3.1
2021-08-03 02:13:52.506784,3992006,0.0,0.0
2021-08-03 02:13:52.506784,3992072,0.0,3.1
2021-08-03 02:13:52.662646,3992006,0.0,0.0
2021-08-03 02:13:52.662646,3992072,0.0,3.1
2021-08-03 02:13:52.820002,3992006,0.0,0.0
2021-08-03 02:13:52.820002,3992072,0.0,3.1
2021-08-03 02:13:52.977936,3992006,0.0,0.0
2021-08-03 02:13:52.977936,3992072,0.0,3.1
2021-08-03 02:13:53.141954,3992006,0.0,0.0
2021-08-03 02:13:53.141954,3992072,0.0,3.1
2021-08-03 02:13:53.300854,3992006,0.0,0.0
2021-08-03 02:13:53.300854,3992072,0.0,3.1
2021-08-03 02:13:53.458104,3992006,0.0,0.0
2021-08-03 02:13:53.458104,3992072,0.0,3.1
2021-08-03 02:13:53.615247,3992006,0.0,0.0
2021-08-03 02:13:53.615247,3992072,0.0,3.1
2021-08-03 02:13:53.772688,3992006,0.0,0.0
2021-08-03 02:13:53.772688,3992072,0.0,3.1
2021-08-03 02:13:53.930182,3992006,0.0,0.0
2021-08-03 02:13:53.930182,3992072,0.0,3.1
2021-08-03 02:13:54.087470,3992006,0.0,0.0
2021-08-03 02:13:54.087470,3992072,0.0,3.1
2021-08-03 02:13:54.244340,3992006,0.0,0.0
2021-08-03 02:13:54.244340,3992072,0.0,3.1
2021-08-03 02:13:54.400125,3992006,0.0,0.0
2021-08-03 02:13:54.400125,3992072,0.0,3.1
2021-08-03 02:13:54.556643,3992006,0.0,0.0
2021-08-03 02:13:54.556643,3992072,0.0,3.1
2021-08-03 02:13:54.712398,3992006,0.0,0.0
2021-08-03 02:13:54.712398,3992072,0.0,3.1
2021-08-03 02:13:54.869476,3992006,0.0,0.0
2021-08-03 02:13:54.869476,3992072,0.0,3.1
2021-08-03 02:13:55.027445,3992006,0.0,0.0
2021-08-03 02:13:55.027445,3992072,0.0,3.1
2021-08-03 02:13:55.185776,3992006,0.0,0.0
2021-08-03 02:13:55.185776,3992072,0.0,3.1
2021-08-03 02:13:55.343368,3992006,0.0,0.0
2021-08-03 02:13:55.343368,3992072,0.0,3.1
2021-08-03 02:13:55.499747,3992006,0.0,0.0
2021-08-03 02:13:55.499747,3992072,0.0,3.1
2021-08-03 02:13:55.656144,3992006,0.0,0.0
2021-08-03 02:13:55.656144,3992072,0.0,3.1
2021-08-03 02:13:55.813013,3992006,0.0,0.0
2021-08-03 02:13:55.813013,3992072,0.0,3.1
2021-08-03 02:13:55.970286,3992006,0.0,0.0
2021-08-03 02:13:55.970286,3992072,0.0,3.1
2021-08-03 02:13:56.127401,3992006,0.0,0.0
2021-08-03 02:13:56.127401,3992072,0.0,3.1
2021-08-03 02:13:56.284358,3992006,0.0,0.0
2021-08-03 02:13:56.284358,3992072,0.0,3.1
2021-08-03 02:13:56.439837,3992006,0.0,0.0
2021-08-03 02:13:56.439837,3992072,0.0,3.1
2021-08-03 02:13:56.596242,3992006,0.0,0.0
2021-08-03 02:13:56.596242,3992072,0.0,3.1
2021-08-03 02:13:56.753484,3992006,0.0,0.0
2021-08-03 02:13:56.753484,3992072,0.0,3.1
2021-08-03 02:13:56.910882,3992006,0.0,0.0
2021-08-03 02:13:56.910882,3992072,0.0,3.1
2021-08-03 02:13:57.068297,3992006,0.0,0.0
2021-08-03 02:13:57.068297,3992072,0.0,3.1
2021-08-03 02:13:57.226028,3992006,0.0,0.0
2021-08-03 02:13:57.226028,3992072,0.0,3.1
2021-08-03 02:13:57.381616,3992006,0.0,0.0
2021-08-03 02:13:57.381616,3992072,0.0,3.1
2021-08-03 02:13:57.536859,3992006,0.0,0.0
2021-08-03 02:13:57.536859,3992072,0.0,3.1
2021-08-03 02:13:57.692316,3992006,0.0,0.0
2021-08-03 02:13:57.692316,3992072,0.0,3.1
2021-08-03 02:13:57.847047,3992006,0.0,0.0
2021-08-03 02:13:57.847047,3992072,0.0,3.1
2021-08-03 02:13:58.002524,3992006,0.0,0.0
2021-08-03 02:13:58.002524,3992072,0.0,3.1
2021-08-03 02:13:58.158246,3992006,0.0,0.0
2021-08-03 02:13:58.158246,3992072,0.0,3.1
2021-08-03 02:13:58.313988,3992006,0.0,0.0
2021-08-03 02:13:58.313988,3992072,0.0,3.1
2021-08-03 02:13:58.469170,3992006,0.0,0.0
2021-08-03 02:13:58.469170,3992072,0.0,3.1
2021-08-03 02:13:58.624748,3992006,0.0,0.0
2021-08-03 02:13:58.624748,3992072,0.0,3.1
2021-08-03 02:13:58.779536,3992006,0.0,0.0
2021-08-03 02:13:58.779536,3992072,0.0,3.1
2021-08-03 02:13:58.934850,3992006,0.0,0.0
2021-08-03 02:13:58.934850,3992072,0.0,3.1
2021-08-03 02:13:59.089696,3992006,0.0,0.0
2021-08-03 02:13:59.089696,3992072,0.0,3.1
2021-08-03 02:13:59.245233,3992006,0.0,0.0
2021-08-03 02:13:59.245233,3992072,0.0,3.1
2021-08-03 02:13:59.400561,3992006,0.0,0.0
2021-08-03 02:13:59.400561,3992072,0.0,3.1
2021-08-03 02:13:59.556868,3992006,0.0,0.0
2021-08-03 02:13:59.556868,3992072,0.0,3.1
2021-08-03 02:13:59.712878,3992006,0.0,0.0
2021-08-03 02:13:59.712878,3992072,0.0,3.1
2021-08-03 02:13:59.868765,3992006,0.0,0.0
2021-08-03 02:13:59.868765,3992072,0.0,3.1
2021-08-03 02:14:00.024343,3992006,0.0,0.0
2021-08-03 02:14:00.024343,3992072,0.0,3.1
2021-08-03 02:14:00.179127,3992006,0.0,0.0
2021-08-03 02:14:00.179127,3992072,0.0,3.1
2021-08-03 02:14:00.334498,3992006,0.0,0.0
2021-08-03 02:14:00.334498,3992072,0.0,3.1
2021-08-03 02:14:00.489480,3992006,0.0,0.0
2021-08-03 02:14:00.489480,3992072,0.0,3.1
2021-08-03 02:14:00.644562,3992006,0.0,0.0
2021-08-03 02:14:00.644562,3992072,0.0,3.1
2021-08-03 02:14:00.799937,3992006,0.0,0.0
2021-08-03 02:14:00.799937,3992072,0.0,3.1
2021-08-03 02:14:00.955484,3992006,0.0,0.0
2021-08-03 02:14:00.955484,3992072,0.0,3.1
2021-08-03 02:14:01.111014,3992006,0.0,0.0
2021-08-03 02:14:01.111014,3992072,0.0,3.1
2021-08-03 02:14:01.266117,3992006,0.0,0.0
2021-08-03 02:14:01.266117,3992072,0.0,3.1
2021-08-03 02:14:01.420926,3992006,0.0,0.0
2021-08-03 02:14:01.420926,3992072,0.0,3.1
2021-08-03 02:14:01.576790,3992006,0.0,0.0
2021-08-03 02:14:01.576790,3992072,0.0,3.1
2021-08-03 02:14:01.732499,3992006,0.0,0.0
2021-08-03 02:14:01.732499,3992072,0.0,3.1
2021-08-03 02:14:01.887091,3992006,0.0,0.0
2021-08-03 02:14:01.887091,3992072,0.0,3.1
2021-08-03 02:14:02.042710,3992006,0.0,0.0
2021-08-03 02:14:02.042710,3992072,0.0,3.1
2021-08-03 02:14:02.198070,3992006,0.0,0.0
2021-08-03 02:14:02.198070,3992072,0.0,3.1
2021-08-03 02:14:02.353119,3992006,0.0,0.0
2021-08-03 02:14:02.353119,3992072,0.0,3.1
2021-08-03 02:14:02.508791,3992006,0.0,0.0
2021-08-03 02:14:02.508791,3992072,0.0,3.1
2021-08-03 02:14:02.664643,3992006,0.0,0.0
2021-08-03 02:14:02.664643,3992072,0.0,3.1
2021-08-03 02:14:02.819583,3992006,0.0,0.0
2021-08-03 02:14:02.819583,3992072,0.0,3.1
2021-08-03 02:14:02.975033,3992006,0.0,0.0
2021-08-03 02:14:02.975033,3992072,0.0,3.1
2021-08-03 02:14:03.130618,3992006,0.0,0.0
2021-08-03 02:14:03.130618,3992072,0.0,3.1
2021-08-03 02:14:03.286258,3992006,0.0,0.0
2021-08-03 02:14:03.286258,3992072,0.0,3.1
2021-08-03 02:14:03.441801,3992006,0.0,0.0
2021-08-03 02:14:03.441801,3992072,0.0,3.1
2021-08-03 02:14:03.596573,3992006,0.0,0.0
2021-08-03 02:14:03.596573,3992072,0.0,3.1
2021-08-03 02:14:03.752316,3992006,0.0,0.0
2021-08-03 02:14:03.752316,3992072,0.0,3.1
2021-08-03 02:14:03.907096,3992006,0.0,0.0
2021-08-03 02:14:03.907096,3992072,0.0,3.1
2021-08-03 02:14:04.061669,3992072,6.7,3.1
2021-08-03 02:14:04.061669,3992006,0.0,0.0
2021-08-03 02:14:04.216144,3992006,0.0,0.0
2021-08-03 02:14:04.216144,3992072,0.0,3.1
2021-08-03 02:14:04.371621,3992006,0.0,0.0
2021-08-03 02:14:04.371621,3992072,0.0,3.1
2021-08-03 02:14:04.526943,3992006,0.0,0.0
2021-08-03 02:14:04.526943,3992072,0.0,3.1
2021-08-03 02:14:04.681947,3992006,0.0,0.0
2021-08-03 02:14:04.681947,3992072,0.0,3.1
2021-08-03 02:14:04.837333,3992006,0.0,0.0
2021-08-03 02:14:04.837333,3992072,0.0,3.1
2021-08-03 02:14:04.992964,3992006,0.0,0.0
2021-08-03 02:14:04.992964,3992072,0.0,3.1
2021-08-03 02:14:05.147808,3992006,0.0,0.0
2021-08-03 02:14:05.147808,3992072,0.0,3.1
2021-08-03 02:14:05.303031,3992006,0.0,0.0
2021-08-03 02:14:05.303031,3992072,0.0,3.1
2021-08-03 02:14:05.458568,3992006,0.0,0.0
2021-08-03 02:14:05.458568,3992072,0.0,3.1
2021-08-03 02:14:05.613843,3992006,0.0,0.0
2021-08-03 02:14:05.613843,3992072,0.0,3.1
2021-08-03 02:14:05.769567,3992006,0.0,0.0
2021-08-03 02:14:05.769567,3992072,0.0,3.1
2021-08-03 02:14:05.925044,3992006,0.0,0.0
2021-08-03 02:14:05.925044,3992072,0.0,3.1
2021-08-03 02:14:06.080099,3992006,0.0,0.0
2021-08-03 02:14:06.080099,3992072,0.0,3.1
2021-08-03 02:14:06.235544,3992006,0.0,0.0
2021-08-03 02:14:06.235544,3992072,0.0,3.1
2021-08-03 02:14:06.390284,3992006,0.0,0.0
2021-08-03 02:14:06.390284,3992072,0.0,3.1
2021-08-03 02:14:06.545465,3992006,0.0,0.0
2021-08-03 02:14:06.545465,3992072,0.0,3.1
2021-08-03 02:14:06.700869,3992006,0.0,0.0
2021-08-03 02:14:06.700869,3992072,0.0,3.1
2021-08-03 02:14:06.856475,3992006,0.0,0.0
2021-08-03 02:14:06.856475,3992072,0.0,3.1
2021-08-03 02:14:07.011193,3992006,0.0,0.0
2021-08-03 02:14:07.011193,3992072,0.0,3.1
2021-08-03 02:14:07.165972,3992006,0.0,0.0
2021-08-03 02:14:07.165972,3992072,0.0,3.1
2021-08-03 02:14:07.321706,3992006,0.0,0.0
2021-08-03 02:14:07.321706,3992072,0.0,3.1
2021-08-03 02:14:07.476595,3992006,0.0,0.0
2021-08-03 02:14:07.476595,3992072,0.0,3.1
2021-08-03 02:14:07.632062,3992006,0.0,0.0
2021-08-03 02:14:07.632062,3992072,0.0,3.1
2021-08-03 02:14:07.787329,3992006,0.0,0.0
2021-08-03 02:14:07.787329,3992072,0.0,3.1
2021-08-03 02:14:07.942262,3992006,0.0,0.0
2021-08-03 02:14:07.942262,3992072,0.0,3.1
2021-08-03 02:14:08.097932,3992006,0.0,0.0
2021-08-03 02:14:08.097932,3992072,0.0,3.1
2021-08-03 02:14:08.253333,3992006,0.0,0.0
2021-08-03 02:14:08.253333,3992072,0.0,3.1
2021-08-03 02:14:08.408110,3992006,0.0,0.0
2021-08-03 02:14:08.408110,3992072,0.0,3.1
2021-08-03 02:14:08.563589,3992006,0.0,0.0
2021-08-03 02:14:08.563589,3992072,0.0,3.1
2021-08-03 02:14:08.718282,3992006,0.0,0.0
2021-08-03 02:14:08.718282,3992072,0.0,3.1
2021-08-03 02:14:08.873178,3992006,0.0,0.0
2021-08-03 02:14:08.873178,3992072,0.0,3.1
2021-08-03 02:14:09.027914,3992006,0.0,0.0
2021-08-03 02:14:09.027914,3992072,0.0,3.1
2021-08-03 02:14:09.185433,3992006,0.0,0.0
2021-08-03 02:14:09.185433,3992072,0.0,3.1
2021-08-03 02:14:09.354602,3992006,0.0,0.0
2021-08-03 02:14:09.354602,3992072,0.0,3.1
2021-08-03 02:14:09.511711,3992006,0.0,0.0
2021-08-03 02:14:09.511711,3992072,0.0,3.1
2021-08-03 02:14:09.668473,3992006,0.0,0.0
2021-08-03 02:14:09.668473,3992072,0.0,3.1
2021-08-03 02:14:09.824452,3992006,0.0,0.0
2021-08-03 02:14:09.824452,3992072,0.0,3.1
2021-08-03 02:14:09.980286,3992006,0.0,0.0
2021-08-03 02:14:09.980286,3992072,0.0,3.1
2021-08-03 02:14:10.137015,3992006,0.0,0.0
2021-08-03 02:14:10.137015,3992072,0.0,3.1
2021-08-03 02:14:10.292845,3992006,0.0,0.0
2021-08-03 02:14:10.292845,3992072,0.0,3.1
2021-08-03 02:14:10.449319,3992006,0.0,0.0
2021-08-03 02:14:10.449319,3992072,0.0,3.1
2021-08-03 02:14:10.606585,3992006,0.0,0.0
2021-08-03 02:14:10.606585,3992072,0.0,3.1
2021-08-03 02:14:10.762604,3992006,0.0,0.0
2021-08-03 02:14:10.762604,3992072,0.0,3.1
2021-08-03 02:14:10.918978,3992006,0.0,0.0
2021-08-03 02:14:10.918978,3992072,0.0,3.1
2021-08-03 02:14:11.076147,3992006,0.0,0.0
2021-08-03 02:14:11.076147,3992072,0.0,3.1
2021-08-03 02:14:11.232534,3992006,0.0,0.0
2021-08-03 02:14:11.232534,3992072,0.0,3.1
2021-08-03 02:14:11.389352,3992006,0.0,0.0
2021-08-03 02:14:11.389352,3992072,0.0,3.1
2021-08-03 02:14:11.546244,3992006,0.0,0.0
2021-08-03 02:14:11.546244,3992072,0.0,3.1
2021-08-03 02:14:11.701770,3992006,0.0,0.0
2021-08-03 02:14:11.701770,3992072,0.0,3.1
2021-08-03 02:14:11.858158,3992006,0.0,0.0
2021-08-03 02:14:11.858158,3992072,0.0,3.1
2021-08-03 02:14:12.015538,3992006,0.0,0.0
2021-08-03 02:14:12.015538,3992072,0.0,3.1
2021-08-03 02:14:12.174617,3992006,0.0,0.0
2021-08-03 02:14:12.174617,3992072,0.0,3.1
2021-08-03 02:14:12.332433,3992006,0.0,0.0
2021-08-03 02:14:12.332433,3992072,0.0,3.1
2021-08-03 02:14:12.488326,3992006,0.0,0.0
2021-08-03 02:14:12.488326,3992072,0.0,3.1
2021-08-03 02:14:12.645383,3992006,0.0,0.0
2021-08-03 02:14:12.645383,3992072,0.0,3.1
2021-08-03 02:14:12.801937,3992006,0.0,0.0
2021-08-03 02:14:12.801937,3992072,0.0,3.1
2021-08-03 02:14:12.959046,3992006,0.0,0.0
2021-08-03 02:14:12.959046,3992072,0.0,3.1
2021-08-03 02:14:13.116072,3992006,0.0,0.0
2021-08-03 02:14:13.116072,3992072,0.0,3.1
2021-08-03 02:14:13.273268,3992006,0.0,0.0
2021-08-03 02:14:13.273268,3992072,0.0,3.1
2021-08-03 02:14:13.430268,3992006,0.0,0.0
2021-08-03 02:14:13.430268,3992072,0.0,3.1
2021-08-03 02:14:13.587399,3992006,0.0,0.0
2021-08-03 02:14:13.587399,3992072,0.0,3.1
2021-08-03 02:14:13.743992,3992006,0.0,0.0
2021-08-03 02:14:13.743992,3992072,0.0,3.1
2021-08-03 02:14:13.900925,3992006,0.0,0.0
2021-08-03 02:14:13.900925,3992072,0.0,3.1
2021-08-03 02:14:14.058580,3992006,0.0,0.0
2021-08-03 02:14:14.058580,3992072,0.0,3.1
2021-08-03 02:14:14.215160,3992006,0.0,0.0
2021-08-03 02:14:14.215160,3992072,0.0,3.1
2021-08-03 02:14:14.372380,3992006,0.0,0.0
2021-08-03 02:14:14.372380,3992072,0.0,3.1
2021-08-03 02:14:14.529052,3992006,0.0,0.0
2021-08-03 02:14:14.529052,3992072,0.0,3.1
2021-08-03 02:14:14.685428,3992006,0.0,0.0
2021-08-03 02:14:14.685428,3992072,0.0,3.1
2021-08-03 02:14:14.842135,3992006,0.0,0.0
2021-08-03 02:14:14.842135,3992072,0.0,3.1
2021-08-03 02:14:14.999461,3992006,0.0,0.0
2021-08-03 02:14:14.999461,3992072,0.0,3.1
2021-08-03 02:14:15.156412,3992006,0.0,0.0
2021-08-03 02:14:15.156412,3992072,0.0,3.1
2021-08-03 02:14:15.313817,3992006,0.0,0.0
2021-08-03 02:14:15.313817,3992072,0.0,3.1
2021-08-03 02:14:15.469450,3992006,0.0,0.0
2021-08-03 02:14:15.469450,3992072,0.0,3.1
2021-08-03 02:14:15.625605,3992006,0.0,0.0
2021-08-03 02:14:15.625605,3992072,0.0,3.1
2021-08-03 02:14:15.781488,3992006,0.0,0.0
2021-08-03 02:14:15.781488,3992072,0.0,3.1
2021-08-03 02:14:15.939289,3992006,0.0,0.0
2021-08-03 02:14:15.939289,3992072,0.0,3.1
2021-08-03 02:14:16.095540,3992006,0.0,0.0
2021-08-03 02:14:16.095540,3992072,0.0,3.1
2021-08-03 02:14:16.252744,3992006,0.0,0.0
2021-08-03 02:14:16.252744,3992072,0.0,3.1
2021-08-03 02:14:16.409322,3992006,0.0,0.0
2021-08-03 02:14:16.409322,3992072,0.0,3.1
2021-08-03 02:14:16.566934,3992006,0.0,0.0
2021-08-03 02:14:16.566934,3992072,0.0,3.1
2021-08-03 02:14:16.722631,3992006,0.0,0.0
2021-08-03 02:14:16.722631,3992072,0.0,3.1
2021-08-03 02:14:16.879776,3992006,0.0,0.0
2021-08-03 02:14:16.879776,3992072,0.0,3.1
2021-08-03 02:14:17.038482,3992006,0.0,0.0
2021-08-03 02:14:17.038482,3992072,0.0,3.1
2021-08-03 02:14:17.195589,3992006,0.0,0.0
2021-08-03 02:14:17.195589,3992072,0.0,3.1
2021-08-03 02:14:17.351188,3992006,0.0,0.0
2021-08-03 02:14:17.351188,3992072,0.0,3.1
2021-08-03 02:14:17.507839,3992006,0.0,0.0
2021-08-03 02:14:17.507839,3992072,0.0,3.1
2021-08-03 02:14:17.665524,3992006,0.0,0.0
2021-08-03 02:14:17.665524,3992072,0.0,3.1
2021-08-03 02:14:17.822770,3992006,0.0,0.0
2021-08-03 02:14:17.822770,3992072,0.0,3.1
2021-08-03 02:14:17.979279,3992006,0.0,0.0
2021-08-03 02:14:17.979279,3992072,0.0,3.1
2021-08-03 02:14:18.136724,3992006,0.0,0.0
2021-08-03 02:14:18.136724,3992072,0.0,3.1
2021-08-03 02:14:18.294900,3992006,0.0,0.0
2021-08-03 02:14:18.294900,3992072,0.0,3.1
2021-08-03 02:14:18.451117,3992006,0.0,0.0
2021-08-03 02:14:18.451117,3992072,0.0,3.1
2021-08-03 02:14:18.606649,3992006,0.0,0.0
2021-08-03 02:14:18.606649,3992072,0.0,3.1
2021-08-03 02:14:18.761485,3992006,0.0,0.0
2021-08-03 02:14:18.761485,3992072,0.0,3.1
2021-08-03 02:14:18.916151,3992006,0.0,0.0
2021-08-03 02:14:18.916151,3992072,0.0,3.1
2021-08-03 02:14:19.071577,3992006,0.0,0.0
2021-08-03 02:14:19.071577,3992072,0.0,3.1
2021-08-03 02:14:19.226929,3992006,0.0,0.0
2021-08-03 02:14:19.226929,3992072,0.0,3.1
2021-08-03 02:14:19.382068,3992006,0.0,0.0
2021-08-03 02:14:19.382068,3992072,0.0,3.1
2021-08-03 02:14:19.537636,3992006,0.0,0.0
2021-08-03 02:14:19.537636,3992072,0.0,3.1
2021-08-03 02:14:19.693274,3992006,0.0,0.0
2021-08-03 02:14:19.693274,3992072,0.0,3.1
2021-08-03 02:14:19.848385,3992006,0.0,0.0
2021-08-03 02:14:19.848385,3992072,0.0,3.1
2021-08-03 02:14:20.003099,3992006,0.0,0.0
2021-08-03 02:14:20.003099,3992072,0.0,3.1
2021-08-03 02:14:20.158715,3992006,0.0,0.0
2021-08-03 02:14:20.158715,3992072,0.0,3.1
2021-08-03 02:14:20.313801,3992006,0.0,0.0
2021-08-03 02:14:20.313801,3992072,0.0,3.1
2021-08-03 02:14:20.468578,3992006,0.0,0.0
2021-08-03 02:14:20.468578,3992072,0.0,3.1
2021-08-03 02:14:20.624023,3992006,0.0,0.0
2021-08-03 02:14:20.624023,3992072,0.0,3.1
2021-08-03 02:14:20.778890,3992006,0.0,0.0
2021-08-03 02:14:20.778890,3992072,0.0,3.1
2021-08-03 02:14:20.934454,3992006,0.0,0.0
2021-08-03 02:14:20.934454,3992072,0.0,3.1
2021-08-03 02:14:21.089446,3992006,0.0,0.0
2021-08-03 02:14:21.089446,3992072,0.0,3.1
2021-08-03 02:14:21.245094,3992006,0.0,0.0
2021-08-03 02:14:21.245094,3992072,0.0,3.1
2021-08-03 02:14:21.399828,3992006,0.0,0.0
2021-08-03 02:14:21.399828,3992072,0.0,3.1
2021-08-03 02:14:21.555104,3992006,0.0,0.0
2021-08-03 02:14:21.555104,3992072,0.0,3.1
2021-08-03 02:14:21.710725,3992006,0.0,0.0
2021-08-03 02:14:21.710725,3992072,0.0,3.1
2021-08-03 02:14:21.866447,3992006,0.0,0.0
2021-08-03 02:14:21.866447,3992072,0.0,3.1
2021-08-03 02:14:22.021453,3992006,0.0,0.0
2021-08-03 02:14:22.021453,3992072,0.0,3.1
2021-08-03 02:14:22.176975,3992006,0.0,0.0
2021-08-03 02:14:22.176975,3992072,0.0,3.1
2021-08-03 02:14:22.332343,3992006,0.0,0.0
2021-08-03 02:14:22.332343,3992072,0.0,3.1
2021-08-03 02:14:22.488136,3992006,0.0,0.0
2021-08-03 02:14:22.488136,3992072,0.0,3.1
2021-08-03 02:14:22.643892,3992006,0.0,0.0
2021-08-03 02:14:22.643892,3992072,0.0,3.1
2021-08-03 02:14:22.800118,3992006,0.0,0.0
2021-08-03 02:14:22.800118,3992072,0.0,3.1
2021-08-03 02:14:22.955772,3992006,0.0,0.0
2021-08-03 02:14:22.955772,3992072,0.0,3.1
2021-08-03 02:14:23.111417,3992006,0.0,0.0
2021-08-03 02:14:23.111417,3992072,0.0,3.1
2021-08-03 02:14:23.266596,3992006,0.0,0.0
2021-08-03 02:14:23.266596,3992072,0.0,3.1
2021-08-03 02:14:23.422226,3992006,0.0,0.0
2021-08-03 02:14:23.422226,3992072,0.0,3.1
2021-08-03 02:14:23.577775,3992006,0.0,0.0
2021-08-03 02:14:23.577775,3992072,0.0,3.1
2021-08-03 02:14:23.733271,3992006,0.0,0.0
2021-08-03 02:14:23.733271,3992072,0.0,3.1
2021-08-03 02:14:23.889405,3992006,0.0,0.0
2021-08-03 02:14:23.889405,3992072,0.0,3.1
2021-08-03 02:14:24.046074,3992006,0.0,0.0
2021-08-03 02:14:24.046074,3992072,0.0,3.1
2021-08-03 02:14:24.201658,3992006,0.0,0.0
2021-08-03 02:14:24.201658,3992072,0.0,3.1
2021-08-03 02:14:24.357298,3992006,0.0,0.0
2021-08-03 02:14:24.357298,3992072,0.0,3.1
2021-08-03 02:14:24.513310,3992006,0.0,0.0
2021-08-03 02:14:24.513310,3992072,0.0,3.1
2021-08-03 02:14:24.668061,3992006,0.0,0.0
2021-08-03 02:14:24.668061,3992072,0.0,3.1
2021-08-03 02:14:24.823529,3992006,0.0,0.0
2021-08-03 02:14:24.823529,3992072,0.0,3.1
2021-08-03 02:14:24.978213,3992006,0.0,0.0
2021-08-03 02:14:24.978213,3992072,0.0,3.1
2021-08-03 02:14:25.132853,3992006,0.0,0.0
2021-08-03 02:14:25.132853,3992072,0.0,3.1
2021-08-03 02:14:25.288977,3992006,0.0,0.0
2021-08-03 02:14:25.288977,3992072,0.0,3.1
2021-08-03 02:14:25.444138,3992006,0.0,0.0
2021-08-03 02:14:25.444138,3992072,0.0,3.1
2021-08-03 02:14:25.599806,3992006,0.0,0.0
2021-08-03 02:14:25.599806,3992072,0.0,3.1
2021-08-03 02:14:25.755461,3992006,0.0,0.0
2021-08-03 02:14:25.755461,3992072,0.0,3.1
2021-08-03 02:14:25.910547,3992006,0.0,0.0
2021-08-03 02:14:25.910547,3992072,0.0,3.1
2021-08-03 02:14:26.065935,3992006,0.0,0.0
2021-08-03 02:14:26.065935,3992072,0.0,3.1
2021-08-03 02:14:26.221391,3992006,0.0,0.0
2021-08-03 02:14:26.221391,3992072,0.0,3.1
2021-08-03 02:14:26.376372,3992006,0.0,0.0
2021-08-03 02:14:26.376372,3992072,0.0,3.1
2021-08-03 02:14:26.531642,3992006,0.0,0.0
2021-08-03 02:14:26.531642,3992072,0.0,3.1
2021-08-03 02:14:26.686808,3992006,0.0,0.0
2021-08-03 02:14:26.686808,3992072,0.0,3.1
2021-08-03 02:14:26.842784,3992006,0.0,0.0
2021-08-03 02:14:26.842784,3992072,0.0,3.1
2021-08-03 02:14:26.998443,3992006,0.0,0.0
2021-08-03 02:14:26.998443,3992072,0.0,3.1
2021-08-03 02:14:27.154286,3992006,0.0,0.0
2021-08-03 02:14:27.154286,3992072,0.0,3.1
2021-08-03 02:14:27.309539,3992006,0.0,0.0
2021-08-03 02:14:27.309539,3992072,0.0,3.1
2021-08-03 02:14:27.465119,3992006,0.0,0.0
2021-08-03 02:14:27.465119,3992072,0.0,3.1
2021-08-03 02:14:27.620690,3992006,0.0,0.0
2021-08-03 02:14:27.620690,3992072,0.0,3.1
2021-08-03 02:14:27.776513,3992006,0.0,0.0
2021-08-03 02:14:27.776513,3992072,0.0,3.1
2021-08-03 02:14:27.931521,3992006,0.0,0.0
2021-08-03 02:14:27.931521,3992072,0.0,3.1
2021-08-03 02:14:28.086981,3992006,0.0,0.0
2021-08-03 02:14:28.086981,3992072,0.0,3.1
2021-08-03 02:14:28.242833,3992006,0.0,0.0
2021-08-03 02:14:28.242833,3992072,0.0,3.1
2021-08-03 02:14:28.398387,3992006,0.0,0.0
2021-08-03 02:14:28.398387,3992072,0.0,3.1
2021-08-03 02:14:28.553192,3992006,0.0,0.0
2021-08-03 02:14:28.553192,3992072,0.0,3.1
2021-08-03 02:14:28.708426,3992006,0.0,0.0
2021-08-03 02:14:28.708426,3992072,0.0,3.1
2021-08-03 02:14:28.863140,3992006,0.0,0.0
2021-08-03 02:14:28.863140,3992072,0.0,3.1
2021-08-03 02:14:29.017939,3992006,0.0,0.0
2021-08-03 02:14:29.017939,3992072,0.0,3.1
2021-08-03 02:14:29.173166,3992006,0.0,0.0
2021-08-03 02:14:29.173166,3992072,0.0,3.1
2021-08-03 02:14:29.328844,3992006,0.0,0.0
2021-08-03 02:14:29.328844,3992072,0.0,3.1
2021-08-03 02:14:29.484588,3992006,0.0,0.0
2021-08-03 02:14:29.484588,3992072,0.0,3.1
2021-08-03 02:14:29.639899,3992006,0.0,0.0
2021-08-03 02:14:29.639899,3992072,0.0,3.1
2021-08-03 02:14:29.796212,3992006,0.0,0.0
2021-08-03 02:14:29.796212,3992072,0.0,3.1
2021-08-03 02:14:29.951730,3992006,0.0,0.0
2021-08-03 02:14:29.951730,3992072,0.0,3.1
2021-08-03 02:14:30.109038,3992006,0.0,0.0
2021-08-03 02:14:30.109038,3992072,0.0,3.1
2021-08-03 02:14:30.270907,3992006,0.0,0.0
2021-08-03 02:14:30.270907,3992072,0.0,3.1
2021-08-03 02:14:30.427511,3992006,0.0,0.0
2021-08-03 02:14:30.427511,3992072,0.0,3.1
2021-08-03 02:14:30.583523,3992006,0.0,0.0
2021-08-03 02:14:30.583523,3992072,0.0,3.1
2021-08-03 02:14:30.740485,3992006,0.0,0.0
2021-08-03 02:14:30.740485,3992072,0.0,3.1
2021-08-03 02:14:30.896453,3992006,0.0,0.0
2021-08-03 02:14:30.896453,3992072,0.0,3.1
2021-08-03 02:14:31.053099,3992006,0.0,0.0
2021-08-03 02:14:31.053099,3992072,0.0,3.1
2021-08-03 02:14:31.209735,3992006,0.0,0.0
2021-08-03 02:14:31.209735,3992072,0.0,3.1
2021-08-03 02:14:31.365694,3992006,0.0,0.0
2021-08-03 02:14:31.365694,3992072,0.0,3.1
2021-08-03 02:14:31.521521,3992006,0.0,0.0
2021-08-03 02:14:31.521521,3992072,0.0,3.1
2021-08-03 02:14:31.677532,3992006,0.0,0.0
2021-08-03 02:14:31.677532,3992072,0.0,3.1
2021-08-03 02:14:31.834407,3992006,0.0,0.0
2021-08-03 02:14:31.834407,3992072,0.0,3.1
2021-08-03 02:14:31.990864,3992006,0.0,0.0
2021-08-03 02:14:31.990864,3992072,0.0,3.1
2021-08-03 02:14:32.147685,3992006,0.0,0.0
2021-08-03 02:14:32.147685,3992072,0.0,3.1
2021-08-03 02:14:32.303959,3992006,0.0,0.0
2021-08-03 02:14:32.303959,3992072,0.0,3.1
2021-08-03 02:14:32.459974,3992006,0.0,0.0
2021-08-03 02:14:32.459974,3992072,0.0,3.1
2021-08-03 02:14:32.616159,3992006,0.0,0.0
2021-08-03 02:14:32.616159,3992072,0.0,3.1
2021-08-03 02:14:32.773688,3992006,0.0,0.0
2021-08-03 02:14:32.773688,3992072,0.0,3.1
2021-08-03 02:14:32.930553,3992006,0.0,0.0
2021-08-03 02:14:32.930553,3992072,0.0,3.1
2021-08-03 02:14:33.086657,3992006,0.0,0.0
2021-08-03 02:14:33.086657,3992072,0.0,3.1
2021-08-03 02:14:33.243014,3992006,0.0,0.0
2021-08-03 02:14:33.243014,3992072,0.0,3.1
2021-08-03 02:14:33.399633,3992006,0.0,0.0
2021-08-03 02:14:33.399633,3992072,0.0,3.1
2021-08-03 02:14:33.555820,3992006,0.0,0.0
2021-08-03 02:14:33.555820,3992072,0.0,3.1
2021-08-03 02:14:33.714513,3992006,0.0,0.0
2021-08-03 02:14:33.714513,3992072,0.0,3.1
2021-08-03 02:14:33.871686,3992006,0.0,0.0
2021-08-03 02:14:33.871686,3992072,0.0,3.1
2021-08-03 02:14:34.029133,3992006,0.0,0.0
2021-08-03 02:14:34.029133,3992072,0.0,3.1
2021-08-03 02:14:34.186037,3992006,0.0,0.0
2021-08-03 02:14:34.186037,3992072,0.0,3.1
2021-08-03 02:14:34.345204,3992006,0.0,0.0
2021-08-03 02:14:34.345204,3992072,0.0,3.1
2021-08-03 02:14:34.502401,3992006,0.0,0.0
2021-08-03 02:14:34.502401,3992072,0.0,3.1
2021-08-03 02:14:34.658280,3992006,0.0,0.0
2021-08-03 02:14:34.658280,3992072,0.0,3.1
2021-08-03 02:14:34.815431,3992006,0.0,0.0
2021-08-03 02:14:34.815431,3992072,0.0,3.1
2021-08-03 02:14:34.973020,3992006,0.0,0.0
2021-08-03 02:14:34.973020,3992072,0.0,3.1
2021-08-03 02:14:35.129430,3992006,0.0,0.0
2021-08-03 02:14:35.129430,3992072,0.0,3.1
2021-08-03 02:14:35.287132,3992006,0.0,0.0
2021-08-03 02:14:35.287132,3992072,0.0,3.1
2021-08-03 02:14:35.443054,3992006,0.0,0.0
2021-08-03 02:14:35.443054,3992072,0.0,3.1
2021-08-03 02:14:35.599758,3992006,0.0,0.0
2021-08-03 02:14:35.599758,3992072,0.0,3.1
2021-08-03 02:14:35.756089,3992006,0.0,0.0
2021-08-03 02:14:35.756089,3992072,0.0,3.1
2021-08-03 02:14:35.913177,3992006,0.0,0.0
2021-08-03 02:14:35.913177,3992072,0.0,3.1
2021-08-03 02:14:36.069971,3992006,0.0,0.0
2021-08-03 02:14:36.069971,3992072,0.0,3.1
2021-08-03 02:14:36.226489,3992006,0.0,0.0
2021-08-03 02:14:36.226489,3992072,0.0,3.1
2021-08-03 02:14:36.383256,3992006,0.0,0.0
2021-08-03 02:14:36.383256,3992072,0.0,3.1
2021-08-03 02:14:36.539659,3992006,0.0,0.0
2021-08-03 02:14:36.539659,3992072,0.0,3.1
2021-08-03 02:14:36.695514,3992006,0.0,0.0
2021-08-03 02:14:36.695514,3992072,0.0,3.1
2021-08-03 02:14:36.852232,3992006,0.0,0.0
2021-08-03 02:14:36.852232,3992072,0.0,3.1
2021-08-03 02:14:37.009898,3992006,0.0,0.0
2021-08-03 02:14:37.009898,3992072,0.0,3.1
2021-08-03 02:14:37.167173,3992006,0.0,0.0
2021-08-03 02:14:37.167173,3992072,0.0,3.1
2021-08-03 02:14:37.324259,3992006,0.0,0.0
2021-08-03 02:14:37.324259,3992072,0.0,3.1
2021-08-03 02:14:37.482595,3992006,0.0,0.0
2021-08-03 02:14:37.482595,3992072,0.0,3.1
2021-08-03 02:14:37.639776,3992006,0.0,0.0
2021-08-03 02:14:37.639776,3992072,0.0,3.1
2021-08-03 02:14:37.796500,3992006,0.0,0.0
2021-08-03 02:14:37.796500,3992072,0.0,3.1
2021-08-03 02:14:37.953785,3992006,0.0,0.0
2021-08-03 02:14:37.953785,3992072,0.0,3.1
2021-08-03 02:14:38.110514,3992006,0.0,0.0
2021-08-03 02:14:38.110514,3992072,0.0,3.1
2021-08-03 02:14:38.268414,3992006,0.0,0.0
2021-08-03 02:14:38.268414,3992072,0.0,3.1
2021-08-03 02:14:38.426547,3992006,0.0,0.0
2021-08-03 02:14:38.426547,3992072,0.0,3.1
2021-08-03 02:14:38.584254,3992006,0.0,0.0
2021-08-03 02:14:38.584254,3992072,0.0,3.1
2021-08-03 02:14:38.741923,3992006,0.0,0.0
2021-08-03 02:14:38.741923,3992072,0.0,3.1
2021-08-03 02:14:38.898513,3992072,6.7,3.1
2021-08-03 02:14:38.898513,3992006,0.0,0.0
2021-08-03 02:14:39.055802,3992006,0.0,0.0
2021-08-03 02:14:39.055802,3992072,0.0,3.1
2021-08-03 02:14:39.212913,3992006,0.0,0.0
2021-08-03 02:14:39.212913,3992072,0.0,3.1
2021-08-03 02:14:39.369747,3992006,0.0,0.0
2021-08-03 02:14:39.369747,3992072,0.0,3.1
2021-08-03 02:14:39.526530,3992006,0.0,0.0
2021-08-03 02:14:39.526530,3992072,0.0,3.1
2021-08-03 02:14:39.683274,3992006,0.0,0.0
2021-08-03 02:14:39.683274,3992072,0.0,3.1
2021-08-03 02:14:39.840581,3992006,0.0,0.0
2021-08-03 02:14:39.840581,3992072,0.0,3.1
2021-08-03 02:14:39.997810,3992006,0.0,0.0
2021-08-03 02:14:39.997810,3992072,0.0,3.1
2021-08-03 02:14:40.155702,3992006,0.0,0.0
2021-08-03 02:14:40.155702,3992072,0.0,3.1
2021-08-03 02:14:40.313113,3992006,0.0,0.0
2021-08-03 02:14:40.313113,3992072,0.0,3.1
2021-08-03 02:14:40.471845,3992006,0.0,0.0
2021-08-03 02:14:40.471845,3992072,0.0,3.1
2021-08-03 02:14:40.627930,3992006,0.0,0.0
2021-08-03 02:14:40.627930,3992072,0.0,3.1
2021-08-03 02:14:40.784802,3992006,0.0,0.0
2021-08-03 02:14:40.784802,3992072,0.0,3.1
2021-08-03 02:14:40.942149,3992006,0.0,0.0
2021-08-03 02:14:40.942149,3992072,0.0,3.1
2021-08-03 02:14:41.099073,3992006,0.0,0.0
2021-08-03 02:14:41.099073,3992072,0.0,3.1
2021-08-03 02:14:41.255507,3992006,0.0,0.0
2021-08-03 02:14:41.255507,3992072,0.0,3.1
2021-08-03 02:14:41.411575,3992006,0.0,0.0
2021-08-03 02:14:41.411575,3992072,0.0,3.1
2021-08-03 02:14:41.567697,3992006,0.0,0.0
2021-08-03 02:14:41.567697,3992072,0.0,3.1
2021-08-03 02:14:41.724292,3992006,0.0,0.0
2021-08-03 02:14:41.724292,3992072,0.0,3.1
2021-08-03 02:14:41.881394,3992072,6.7,3.1
2021-08-03 02:14:41.881394,3992006,0.0,0.0
2021-08-03 02:14:42.038618,3992006,0.0,0.0
2021-08-03 02:14:42.038618,3992072,0.0,3.1
2021-08-03 02:14:42.195955,3992006,0.0,0.0
2021-08-03 02:14:42.195955,3992072,0.0,3.1
2021-08-03 02:14:42.352219,3992006,0.0,0.0
2021-08-03 02:14:42.352219,3992072,0.0,3.1
2021-08-03 02:14:42.509657,3992072,6.7,3.1
2021-08-03 02:14:42.509657,3992006,0.0,0.0
2021-08-03 02:14:42.666658,3992006,0.0,0.0
2021-08-03 02:14:42.666658,3992072,0.0,3.1
2021-08-03 02:14:42.822739,3992006,0.0,0.0
2021-08-03 02:14:42.822739,3992072,0.0,3.1
2021-08-03 02:14:42.978419,3992006,0.0,0.0
2021-08-03 02:14:42.978419,3992072,0.0,3.1
2021-08-03 02:14:43.135609,3992006,0.0,0.0
2021-08-03 02:14:43.135609,3992072,0.0,3.1
2021-08-03 02:14:43.292117,3992006,0.0,0.0
2021-08-03 02:14:43.292117,3992072,0.0,3.1
2021-08-03 02:14:43.449278,3992006,0.0,0.0
2021-08-03 02:14:43.449278,3992072,0.0,3.1
2021-08-03 02:14:43.605763,3992006,0.0,0.0
2021-08-03 02:14:43.605763,3992072,0.0,3.1
2021-08-03 02:14:43.762091,3992006,0.0,0.0
2021-08-03 02:14:43.762091,3992072,0.0,3.1
2021-08-03 02:14:43.918698,3992006,0.0,0.0
2021-08-03 02:14:43.918698,3992072,0.0,3.1
2021-08-03 02:14:44.075471,3992006,0.0,0.0
2021-08-03 02:14:44.075471,3992072,0.0,3.1
2021-08-03 02:14:44.232860,3992006,0.0,0.0
2021-08-03 02:14:44.232860,3992072,0.0,3.1
2021-08-03 02:14:44.390088,3992072,6.7,3.1
2021-08-03 02:14:44.390088,3992006,0.0,0.0
2021-08-03 02:14:44.546462,3992006,0.0,0.0
2021-08-03 02:14:44.546462,3992072,0.0,3.1
2021-08-03 02:14:44.704269,3992006,0.0,0.0
2021-08-03 02:14:44.704269,3992072,0.0,3.1
2021-08-03 02:14:44.862850,3992006,0.0,0.0
2021-08-03 02:14:44.862850,3992072,0.0,3.1
2021-08-03 02:14:45.020285,3992006,0.0,0.0
2021-08-03 02:14:45.020285,3992072,0.0,3.1
2021-08-03 02:14:45.178244,3992006,0.0,0.0
2021-08-03 02:14:45.178244,3992072,0.0,3.1
2021-08-03 02:14:45.336037,3992006,0.0,0.0
2021-08-03 02:14:45.336037,3992072,0.0,3.1
2021-08-03 02:14:45.493502,3992006,0.0,0.0
2021-08-03 02:14:45.493502,3992072,0.0,3.1
2021-08-03 02:14:45.650895,3992006,0.0,0.0
2021-08-03 02:14:45.650895,3992072,0.0,3.1
2021-08-03 02:14:45.807622,3992006,0.0,0.0
2021-08-03 02:14:45.807622,3992072,0.0,3.1
2021-08-03 02:14:45.964339,3992006,0.0,0.0
2021-08-03 02:14:45.964339,3992072,0.0,3.1
2021-08-03 02:14:46.121943,3992006,0.0,0.0
2021-08-03 02:14:46.121943,3992072,0.0,3.1
2021-08-03 02:14:46.279273,3992006,0.0,0.0
2021-08-03 02:14:46.279273,3992072,0.0,3.1
2021-08-03 02:14:46.436388,3992072,6.7,3.1
2021-08-03 02:14:46.436388,3992006,0.0,0.0
2021-08-03 02:14:46.593390,3992006,0.0,0.0
2021-08-03 02:14:46.593390,3992072,0.0,3.1
2021-08-03 02:14:46.750661,3992006,0.0,0.0
2021-08-03 02:14:46.750661,3992072,0.0,3.1
2021-08-03 02:14:46.907788,3992006,0.0,0.0
2021-08-03 02:14:46.907788,3992072,0.0,3.1
2021-08-03 02:14:47.064980,3992006,0.0,0.0
2021-08-03 02:14:47.064980,3992072,0.0,3.1
2021-08-03 02:14:47.222107,3992006,0.0,0.0
2021-08-03 02:14:47.222107,3992072,0.0,3.1
2021-08-03 02:14:47.379244,3992006,0.0,0.0
2021-08-03 02:14:47.379244,3992072,0.0,3.1
2021-08-03 02:14:47.536310,3992006,0.0,0.0
2021-08-03 02:14:47.536310,3992072,0.0,3.1
2021-08-03 02:14:47.693379,3992006,0.0,0.0
2021-08-03 02:14:47.693379,3992072,0.0,3.1
2021-08-03 02:14:47.850478,3992006,0.0,0.0
2021-08-03 02:14:47.850478,3992072,0.0,3.1
2021-08-03 02:14:48.007615,3992006,0.0,0.0
2021-08-03 02:14:48.007615,3992072,0.0,3.1
2021-08-03 02:14:48.164687,3992006,0.0,0.0
2021-08-03 02:14:48.164687,3992072,0.0,3.1
2021-08-03 02:14:48.321941,3992006,0.0,0.0
2021-08-03 02:14:48.321941,3992072,0.0,3.1
2021-08-03 02:14:48.479085,3992006,0.0,0.0
2021-08-03 02:14:48.479085,3992072,0.0,3.1
2021-08-03 02:14:48.636216,3992006,0.0,0.0
2021-08-03 02:14:48.636216,3992072,0.0,3.1
2021-08-03 02:14:48.793325,3992006,0.0,0.0
2021-08-03 02:14:48.793325,3992072,0.0,3.1
2021-08-03 02:14:48.950586,3992006,0.0,0.0
2021-08-03 02:14:48.950586,3992072,0.0,3.1
2021-08-03 02:14:49.107711,3992006,0.0,0.0
2021-08-03 02:14:49.107711,3992072,0.0,3.1
2021-08-03 02:14:49.263646,3992006,0.0,0.0
2021-08-03 02:14:49.263646,3992072,0.0,3.1
2021-08-03 02:14:49.420894,3992006,0.0,0.0
2021-08-03 02:14:49.420894,3992072,0.0,3.1
2021-08-03 02:14:49.578005,3992006,0.0,0.0
2021-08-03 02:14:49.578005,3992072,0.0,3.1
2021-08-03 02:14:49.735110,3992006,0.0,0.0
2021-08-03 02:14:49.735110,3992072,0.0,3.1
2021-08-03 02:14:49.892153,3992006,0.0,0.0
2021-08-03 02:14:49.892153,3992072,0.0,3.1
2021-08-03 02:14:50.049218,3992006,0.0,0.0
2021-08-03 02:14:50.049218,3992072,0.0,3.1
2021-08-03 02:14:50.206328,3992006,0.0,0.0
2021-08-03 02:14:50.206328,3992072,0.0,3.1
2021-08-03 02:14:50.363938,3992006,0.0,0.0
2021-08-03 02:14:50.363938,3992072,0.0,3.1
